-198216.0
-198214.0
-198210.0
-198202.0
-198204.0
-198210.0
-198210.0
-198218.0
-198220.0
-198224.0
-198220.0
-198228.0
-198226.0
-198230.0
-198228.0
-198228.0
-198230.0
-198224.0
-198226.0
-198224.0
-198220.0
-198218.0
-198216.0
-198214.0
-198212.0
-198216.0
-198216.0
-198212.0
-198206.0
-198208.0
-198204.0
-198206.0
-198210.0
-198210.0
-198208.0
-198212.0
-198216.0
-198216.0
-198224.0
-198220.0
-198224.0
-198224.0
-198222.0
-198224.0
-198220.0
-198222.0
-198228.0
-198226.0
-198226.0
-198224.0
-198210.0
-198204.0
-198200.0
-198200.0
-198206.0
-198200.0
-198202.0
-198200.0
-198204.0
-198202.0
-198200.0
-198204.0
-198202.0
-198198.0
-198202.0
-198200.0
-198204.0
-198202.0
-198204.0
-198202.0
-198208.0
-198206.0
-198204.0
-198212.0
-198206.0
-198208.0
-198210.0
-198212.0
-198212.0
-198212.0
-198212.0
-198214.0
-198220.0
-198222.0
-198222.0
-198220.0
-198218.0
-198218.0
-198224.0
-198228.0
-198226.0
-198234.0
-198230.0
-198242.0
-198234.0
-198232.0
-198222.0
-198220.0
-198220.0
-198218.0
-198214.0
-198212.0
-198212.0
-198210.0
-198216.0
-198212.0
-198214.0
-198212.0
-198212.0
-198214.0
-198210.0
-198208.0
-198204.0
-198206.0
-198204.0
-198206.0
-198204.0
-198200.0
-198198.0
-198198.0
-198196.0
-198206.0
-198206.0
-198204.0
-198204.0
-198202.0
-198194.0
-198194.0
-198190.0
-198184.0
-198186.0
-198182.0
-198182.0
-198182.0
-198182.0
-198180.0
-198184.0
-198186.0
-198186.0
-198190.0
-198188.0
-198188.0
-198190.0
-198182.0
-198180.0
-198178.0
-198170.0
-198166.0
-198168.0
-198172.0
-198172.0
-198168.0
-198164.0
-198164.0
-198174.0
-198176.0
-198172.0
-198172.0
-198172.0
-198164.0
-198156.0
-198164.0
-198158.0
-198164.0
-198164.0
-198164.0
-198158.0
-198160.0
-198164.0
-198166.0
-198174.0
-198184.0
-198186.0
-198188.0
-198192.0
-198186.0
-198190.0
-198196.0
-198192.0
-198190.0
-198192.0
-198194.0
-198196.0
-198194.0
-198190.0
-198190.0
-198190.0
-198192.0
-198188.0
-198194.0
-198192.0
-198192.0
-198190.0
-198186.0
-198186.0
-198188.0
-198198.0
-198204.0
-198204.0
-198204.0
-198202.0
-198198.0
-198198.0
-198196.0
-198196.0
-198194.0
-198188.0
-198184.0
-198188.0
-198188.0
-198190.0
-198186.0
-198190.0
-198190.0
-198186.0
-198184.0
-198182.0
-198184.0
-198178.0
-198176.0
-198176.0
-198178.0
-198176.0
-198176.0
-198176.0
-198180.0
-198178.0
-198178.0
-198174.0
-198182.0
-198188.0
-198192.0
-198186.0
-198186.0
-198184.0
-198196.0
-198202.0
-198204.0
-198208.0
-198216.0
-198212.0
-198216.0
-198220.0
-198224.0
-198222.0
-198220.0
-198224.0
-198228.0
-198228.0
-198228.0
-198220.0
-198220.0
-198210.0
-198206.0
-198196.0
-198206.0
-198206.0
-198204.0
-198210.0
-198210.0
-198206.0
-198214.0
-198216.0
-198204.0
-198206.0
-198206.0
-198206.0
-198210.0
-198210.0
-198214.0
-198214.0
-198216.0
-198214.0
-198214.0
-198204.0
-198208.0
-198210.0
-198214.0
-198216.0
-198216.0
-198214.0
-198214.0
-198210.0
-198208.0
-198210.0
-198206.0
-198206.0
-198202.0
-198200.0
-198200.0
-198200.0
-198210.0
-198210.0
-198202.0
-198208.0
-198210.0
-198214.0
-198212.0
-198212.0
-198210.0
-198206.0
-198200.0
-198206.0
-198202.0
-198198.0
-198198.0
-198198.0
-198200.0
-198206.0
-198198.0
-198202.0
-198196.0
-198188.0
-198180.0
-198190.0
-198192.0
-198190.0
-198194.0
-198192.0
-198192.0
-198188.0
-198194.0
-198198.0
-198196.0
-198198.0
-198200.0
-198194.0
-198196.0
-198196.0
-198200.0
-198202.0
-198204.0
-198206.0
-198204.0
-198198.0
-198202.0
-198208.0
-198208.0
-198206.0
-198206.0
-198210.0
-198210.0
-198214.0
-198208.0
-198206.0
-198204.0
-198204.0
-198202.0
-198206.0
-198202.0
-198202.0
-198192.0
-198200.0
-198200.0
-198208.0
-198206.0
-198210.0
-198210.0
-198210.0
-198210.0
-198216.0
-198212.0
-198214.0
-198214.0
-198218.0
-198214.0
-198218.0
-198218.0
-198222.0
-198222.0
-198222.0
-198226.0
-198218.0
-198216.0
-198210.0
-198208.0
-198218.0
-198210.0
-198216.0
-198218.0
-198218.0
-198222.0
-198224.0
-198226.0
-198230.0
-198224.0
-198226.0
-198226.0
-198216.0
-198212.0
-198216.0
-198214.0
-198216.0
-198218.0
-198208.0
-198202.0
-198200.0
-198190.0
-198182.0
-198186.0
-198186.0
-198188.0
-198190.0
-198188.0
-198178.0
-198174.0
-198178.0
-198176.0
-198170.0
-198172.0
-198170.0
-198164.0
-198160.0
-198156.0
-198158.0
-198152.0
-198152.0
-198144.0
-198142.0
-198144.0
-198144.0
-198144.0
-198138.0
-198130.0
-198126.0
-198126.0
-198132.0
-198130.0
-198134.0
-198136.0
-198136.0
-198132.0
-198132.0
-198132.0
-198132.0
-198124.0
-198116.0
-198112.0
-198108.0
-198110.0
-198118.0
-198126.0
-198136.0
-198138.0
-198138.0
-198130.0
-198134.0
-198134.0
-198138.0
-198142.0
-198140.0
-198136.0
-198138.0
-198136.0
-198140.0
-198132.0
-198136.0
-198136.0
-198136.0
-198130.0
-198128.0
-198134.0
-198136.0
-198134.0
-198128.0
-198128.0
-198132.0
-198130.0
-198134.0
-198130.0
-198130.0
-198130.0
-198128.0
-198128.0
-198134.0
-198130.0
-198130.0
-198128.0
-198126.0
-198124.0
-198126.0
-198126.0
-198132.0
-198124.0
-198124.0
-198126.0
-198118.0
-198110.0
-198112.0
-198114.0
-198116.0
-198116.0
-198116.0
-198114.0
-198112.0
-198106.0
-198106.0
-198112.0
-198110.0
-198110.0
-198108.0
-198110.0
-198110.0
-198102.0
-198100.0
-198104.0
-198098.0
-198094.0
-198102.0
-198104.0
-198110.0
-198116.0
-198116.0
-198122.0
-198126.0
-198120.0
-198114.0
-198116.0
-198114.0
-198116.0
-198116.0
-198120.0
-198112.0
-198112.0
-198108.0
-198114.0
-198122.0
-198118.0
-198116.0
-198122.0
-198114.0
-198114.0
-198116.0
-198118.0
-198120.0
-198116.0
-198112.0
-198108.0
-198102.0
-198098.0
-198094.0
-198092.0
-198096.0
-198094.0
-198092.0
-198088.0
-198092.0
-198088.0
-198090.0
-198092.0
-198088.0
-198088.0
-198084.0
-198072.0
-198070.0
-198072.0
-198068.0
-198060.0
-198062.0
-198068.0
-198070.0
-198074.0
-198070.0
-198074.0
-198076.0
-198078.0
-198070.0
-198066.0
-198064.0
-198068.0
-198070.0
-198072.0
-198070.0
-198070.0
-198076.0
-198072.0
-198076.0
-198076.0
-198074.0
-198066.0
-198062.0
-198064.0
-198068.0
-198072.0
-198068.0
-198076.0
-198074.0
-198076.0
-198076.0
-198076.0
-198076.0
-198076.0
-198078.0
-198084.0
-198082.0
-198078.0
-198078.0
-198080.0
-198084.0
-198080.0
-198084.0
-198086.0
-198084.0
-198086.0
-198088.0
-198086.0
-198082.0
-198084.0
-198088.0
-198090.0
-198094.0
-198096.0
-198094.0
-198098.0
-198098.0
-198100.0
-198106.0
-198110.0
-198108.0
-198122.0
-198124.0
-198130.0
-198122.0
-198126.0
-198128.0
-198126.0
-198124.0
-198122.0
-198122.0
-198122.0
-198120.0
-198120.0
-198124.0
-198128.0
-198124.0
-198118.0
-198122.0
-198120.0
-198124.0
-198120.0
-198116.0
-198116.0
-198110.0
-198112.0
-198114.0
-198110.0
-198114.0
-198118.0
-198114.0
-198110.0
-198112.0
-198112.0
-198114.0
-198104.0
-198110.0
-198108.0
-198106.0
-198102.0
-198104.0
-198108.0
-198116.0
-198116.0
-198120.0
-198118.0
-198114.0
-198118.0
-198120.0
-198116.0
-198114.0
-198116.0
-198114.0
-198112.0
-198110.0
-198110.0
-198118.0
-198120.0
-198120.0
-198118.0
-198120.0
-198114.0
-198112.0
-198110.0
-198120.0
-198120.0
-198120.0
-198122.0
-198118.0
-198124.0
-198132.0
-198124.0
-198122.0
-198124.0
-198120.0
-198116.0
-198112.0
-198112.0
-198118.0
-198126.0
-198122.0
-198122.0
-198124.0
-198124.0
-198122.0
-198122.0
-198124.0
-198122.0
-198124.0
-198124.0
-198116.0
-198112.0
-198112.0
-198114.0
-198120.0
-198122.0
-198122.0
-198120.0
-198114.0
-198110.0
-198112.0
-198104.0
-198104.0
-198096.0
-198096.0
-198098.0
-198096.0
-198094.0
-198092.0
-198086.0
-198082.0
-198084.0
-198080.0
-198074.0
-198074.0
-198074.0
-198072.0
-198080.0
-198082.0
-198078.0
-198082.0
-198086.0
-198084.0
-198084.0
-198084.0
-198090.0
-198088.0
-198094.0
-198092.0
-198086.0
-198084.0
-198080.0
-198074.0
-198074.0
-198072.0
-198076.0
-198084.0
-198086.0
-198086.0
-198086.0
-198094.0
-198096.0
-198094.0
-198088.0
-198082.0
-198082.0
-198076.0
-198074.0
-198074.0
-198076.0
-198076.0
-198080.0
-198086.0
-198088.0
-198092.0
-198092.0
-198092.0
-198090.0
-198090.0
-198094.0
-198092.0
-198102.0
-198104.0
-198102.0
-198100.0
-198100.0
-198106.0
-198110.0
-198106.0
-198110.0
-198110.0
-198112.0
-198112.0
-198114.0
-198114.0
-198110.0
-198106.0
-198104.0
-198106.0
-198102.0
-198102.0
-198100.0
-198102.0
-198108.0
-198112.0
-198110.0
-198112.0
-198108.0
-198110.0
-198110.0
-198114.0
-198110.0
-198108.0
-198104.0
-198106.0
-198106.0
-198102.0
-198100.0
-198098.0
-198100.0
-198098.0
-198096.0
-198086.0
-198088.0
-198084.0
-198084.0
-198080.0
-198082.0
-198086.0
-198088.0
-198090.0
-198090.0
-198100.0
-198104.0
-198104.0
-198108.0
-198112.0
-198108.0
-198106.0
-198114.0
-198112.0
-198118.0
-198116.0
-198114.0
-198118.0
-198124.0
-198122.0
-198122.0
-198126.0
-198128.0
-198128.0
-198132.0
-198126.0
-198130.0
-198132.0
-198134.0
-198140.0
-198134.0
-198128.0
-198126.0
-198130.0
-198132.0
-198130.0
-198134.0
-198136.0
-198144.0
-198142.0
-198144.0
-198142.0
-198148.0
-198144.0
-198146.0
-198142.0
-198140.0
-198142.0
-198150.0
-198154.0
-198152.0
-198158.0
-198154.0
-198148.0
-198148.0
-198148.0
-198150.0
-198146.0
-198148.0
-198146.0
-198148.0
-198150.0
-198144.0
-198146.0
-198144.0
-198146.0
-198144.0
-198138.0
-198128.0
-198130.0
-198134.0
-198134.0
-198140.0
-198144.0
-198136.0
-198136.0
-198134.0
-198128.0
-198128.0
-198124.0
-198122.0
-198120.0
-198116.0
-198108.0
-198104.0
-198104.0
-198104.0
-198112.0
-198108.0
-198110.0
-198100.0
-198098.0
-198100.0
-198100.0
-198100.0
-198102.0
-198100.0
-198096.0
-198106.0
-198106.0
-198112.0
-198116.0
-198114.0
-198116.0
-198112.0
-198110.0
-198106.0
-198104.0
-198102.0
-198104.0
-198104.0
-198104.0
-198112.0
-198110.0
-198106.0
-198108.0
-198106.0
-198108.0
-198112.0
-198104.0
-198102.0
-198108.0
-198108.0
-198110.0
-198110.0
-198112.0
-198112.0
-198108.0
-198102.0
-198098.0
-198104.0
-198106.0
-198104.0
-198104.0
-198106.0
-198106.0
-198106.0
-198110.0
-198110.0
-198116.0
-198118.0
-198118.0
-198122.0
-198120.0
-198112.0
-198114.0
-198112.0
-198112.0
-198110.0
-198112.0
-198110.0
-198108.0
-198114.0
-198114.0
-198114.0
-198120.0
-198116.0
-198112.0
-198106.0
-198106.0
-198108.0
-198110.0
-198110.0
-198104.0
-198102.0
-198102.0
-198100.0
-198102.0
-198106.0
-198108.0
-198112.0
-198112.0
-198114.0
-198114.0
-198116.0
-198118.0
-198114.0
-198114.0
-198112.0
-198114.0
-198112.0
-198118.0
-198114.0
-198116.0
-198118.0
-198110.0
-198106.0
-198110.0
-198122.0
-198124.0
-198132.0
-198130.0
-198130.0
-198132.0
-198130.0
-198136.0
-198140.0
-198134.0
-198140.0
-198142.0
-198140.0
-198142.0
-198142.0
-198144.0
-198144.0
-198146.0
-198144.0
-198144.0
-198136.0
-198142.0
-198134.0
-198132.0
-198140.0
-198144.0
-198146.0
-198144.0
-198148.0
-198148.0
-198152.0
-198148.0
-198150.0
-198146.0
-198146.0
-198140.0
-198146.0
-198148.0
-198146.0
-198152.0
-198160.0
-198156.0
-198158.0
-198162.0
-198158.0
-198158.0
-198158.0
-198160.0
-198154.0
-198154.0
-198160.0
-198156.0
-198162.0
-198160.0
-198158.0
-198168.0
-198166.0
-198164.0
-198168.0
-198168.0
-198166.0
-198164.0
-198160.0
-198166.0
-198168.0
-198170.0
-198172.0
-198174.0
-198174.0
-198170.0
-198176.0
-198176.0
-198174.0
-198180.0
-198178.0
-198174.0
-198168.0
-198170.0
-198174.0
-198174.0
-198174.0
-198174.0
-198170.0
-198176.0
-198170.0
-198170.0
-198164.0
-198166.0
-198162.0
-198162.0
-198164.0
-198160.0
-198158.0
-198162.0
-198166.0
-198170.0
-198174.0
-198170.0
-198170.0
-198172.0
-198172.0
-198174.0
-198176.0
-198172.0
-198178.0
-198174.0
-198176.0
-198174.0
-198178.0
-198180.0
-198184.0
-198188.0
-198186.0
-198186.0
-198178.0
-198178.0
-198176.0
-198176.0
-198182.0
-198186.0
-198182.0
-198178.0
-198178.0
-198178.0
-198184.0
-198192.0
-198196.0
-198198.0
-198204.0
-198198.0
-198204.0
-198206.0
-198212.0
-198214.0
-198218.0
-198212.0
-198216.0
-198228.0
-198232.0
-198232.0
-198238.0
-198236.0
-198226.0
-198224.0
-198226.0
-198222.0
-198222.0
-198218.0
-198222.0
-198216.0
-198216.0
-198214.0
-198206.0
-198200.0
-198198.0
-198200.0
-198208.0
-198200.0
-198198.0
-198192.0
-198194.0
-198192.0
-198198.0
-198198.0
-198192.0
-198192.0
-198196.0
-198204.0
-198202.0
-198200.0
-198202.0
-198198.0
-198202.0
-198198.0
-198188.0
-198184.0
-198182.0
-198182.0
-198188.0
-198190.0
-198188.0
-198186.0
-198184.0
-198182.0
-198186.0
-198192.0
-198192.0
-198190.0
-198190.0
-198190.0
-198190.0
-198196.0
-198182.0
-198176.0
-198172.0
-198184.0
-198186.0
-198180.0
-198186.0
-198190.0
-198190.0
-198186.0
-198184.0
-198174.0
-198172.0
-198172.0
-198180.0
-198176.0
-198176.0
-198176.0
-198176.0
-198178.0
-198180.0
-198178.0
-198180.0
-198182.0
-198172.0
-198168.0
-198174.0
-198162.0
-198168.0
-198170.0
-198170.0
-198172.0
-198170.0
-198162.0
-198164.0
-198164.0
-198160.0
-198162.0
-198162.0
-198158.0
-198166.0
-198170.0
-198172.0
-198170.0
-198172.0
-198168.0
-198172.0
-198176.0
-198176.0
-198166.0
-198168.0
-198186.0
-198192.0
-198194.0
-198194.0
-198194.0
-198198.0
-198200.0
-198198.0
-198196.0
-198200.0
-198196.0
-198192.0
-198196.0
-198192.0
-198188.0
-198186.0
-198186.0
-198182.0
-198186.0
-198182.0
-198180.0
-198180.0
-198180.0
-198182.0
-198180.0
-198180.0
-198180.0
-198176.0
-198174.0
-198168.0
-198170.0
-198172.0
-198174.0
-198174.0
-198172.0
-198166.0
-198166.0
-198166.0
-198166.0
-198166.0
-198160.0
-198158.0
-198160.0
-198160.0
-198160.0
-198162.0
-198164.0
-198162.0
-198162.0
-198172.0
-198170.0
-198170.0
-198168.0
-198176.0
-198182.0
-198180.0
-198186.0
-198190.0
-198194.0
-198194.0
-198188.0
-198186.0
-198188.0
-198184.0
-198182.0
-198178.0
-198182.0
-198184.0
-198188.0
-198190.0
-198186.0
-198186.0
-198194.0
-198196.0
-198192.0
-198190.0
-198192.0
-198192.0
-198194.0
-198190.0
-198190.0
-198194.0
-198192.0
-198198.0
-198196.0
-198192.0
-198194.0
-198194.0
-198190.0
-198192.0
-198196.0
-198200.0
-198200.0
-198202.0
-198200.0
-198198.0
-198194.0
-198194.0
-198192.0
-198192.0
-198188.0
-198180.0
-198180.0
-198182.0
-198182.0
-198184.0
-198178.0
-198180.0
-198172.0
-198168.0
-198174.0
-198172.0
-198172.0
-198174.0
-198170.0
-198168.0
-198168.0
-198172.0
-198168.0
-198170.0
-198172.0
-198166.0
-198162.0
-198166.0
-198168.0
-198164.0
-198164.0
-198166.0
-198166.0
-198166.0
-198162.0
-198168.0
-198172.0
-198168.0
-198166.0
-198166.0
-198166.0
-198170.0
-198172.0
-198174.0
-198178.0
-198176.0
-198180.0
-198176.0
-198172.0
-198174.0
-198170.0
-198172.0
-198176.0
-198176.0
-198174.0
-198178.0
-198182.0
-198182.0
-198186.0
-198178.0
-198178.0
-198182.0
-198188.0
-198190.0
-198190.0
-198192.0
-198196.0
-198200.0
-198200.0
-198198.0
-198204.0
-198206.0
-198200.0
-198202.0
-198204.0
-198198.0
-198206.0
-198210.0
-198208.0
-198202.0
-198206.0
-198202.0
-198202.0
-198204.0
-198208.0
-198210.0
-198212.0
-198210.0
-198216.0
-198214.0
-198216.0
-198218.0
-198216.0
-198220.0
-198220.0
-198214.0
-198208.0
-198198.0
-198198.0
-198192.0
-198194.0
-198196.0
-198190.0
-198196.0
-198194.0
-198196.0
-198198.0
-198200.0
-198198.0
-198200.0
-198200.0
-198198.0
-198192.0
-198190.0
-198190.0
-198190.0
-198186.0
-198188.0
-198186.0
-198182.0
-198176.0
-198172.0
-198176.0
-198174.0
-198174.0
-198176.0
-198180.0
-198180.0
-198176.0
-198164.0
-198164.0
-198170.0
-198168.0
-198170.0
-198168.0
-198172.0
-198174.0
-198174.0
-198180.0
-198184.0
-198172.0
-198172.0
-198174.0
-198172.0
-198170.0
-198160.0
-198158.0
-198158.0
-198156.0
-198160.0
-198166.0
-198164.0
-198170.0
-198172.0
-198174.0
-198172.0
-198170.0
-198166.0
-198166.0
-198160.0
-198162.0
-198162.0
-198160.0
-198156.0
-198158.0
-198156.0
-198156.0
-198156.0
-198158.0
-198156.0
-198158.0
-198164.0
-198164.0
-198154.0
-198158.0
-198154.0
-198152.0
-198154.0
-198152.0
-198148.0
-198146.0
-198146.0
-198150.0
-198148.0
-198148.0
-198146.0
-198144.0
-198148.0
-198146.0
-198152.0
-198152.0
-198154.0
-198162.0
-198156.0
-198158.0
-198154.0
-198148.0
-198150.0
-198148.0
-198144.0
-198150.0
-198152.0
-198146.0
-198148.0
-198150.0
-198150.0
-198144.0
-198142.0
-198142.0
-198152.0
-198154.0
-198154.0
-198152.0
-198160.0
-198158.0
-198154.0
-198154.0
-198156.0
-198154.0
-198154.0
-198150.0
-198152.0
-198148.0
-198148.0
-198148.0
-198150.0
-198148.0
-198150.0
-198146.0
-198154.0
-198156.0
-198156.0
-198152.0
-198156.0
-198146.0
-198142.0
-198136.0
-198140.0
-198136.0
-198136.0
-198136.0
-198140.0
-198136.0
-198132.0
-198132.0
-198136.0
-198136.0
-198134.0
-198130.0
-198134.0
-198138.0
-198142.0
-198142.0
-198140.0
-198140.0
-198140.0
-198138.0
-198138.0
-198142.0
-198142.0
-198132.0
-198132.0
-198132.0
-198132.0
-198134.0
-198134.0
-198134.0
-198136.0
-198134.0
-198134.0
-198130.0
-198134.0
-198136.0
-198136.0
-198136.0
-198136.0
-198140.0
-198140.0
-198134.0
-198136.0
-198138.0
-198146.0
-198152.0
-198144.0
-198144.0
-198150.0
-198146.0
-198144.0
-198140.0
-198138.0
-198132.0
-198132.0
-198140.0
-198132.0
-198132.0
-198132.0
-198134.0
-198142.0
-198140.0
-198136.0
-198126.0
-198132.0
-198128.0
-198128.0
-198134.0
-198130.0
-198128.0
-198128.0
-198132.0
-198134.0
-198136.0
-198138.0
-198136.0
-198132.0
-198130.0
-198136.0
-198132.0
-198126.0
-198124.0
-198124.0
-198122.0
-198128.0
-198132.0
-198126.0
-198120.0
-198126.0
-198134.0
-198136.0
-198130.0
-198134.0
-198130.0
-198126.0
-198124.0
-198120.0
-198116.0
-198110.0
-198106.0
-198108.0
-198112.0
-198116.0
-198120.0
-198118.0
-198116.0
-198116.0
-198112.0
-198114.0
-198116.0
-198114.0
-198116.0
-198114.0
-198120.0
-198116.0
-198116.0
-198116.0
-198118.0
-198122.0
-198120.0
-198122.0
-198122.0
-198120.0
-198120.0
-198114.0
-198114.0
-198122.0
-198118.0
-198118.0
-198116.0
-198106.0
-198106.0
-198106.0
-198110.0
-198108.0
-198106.0
-198104.0
-198102.0
-198102.0
-198110.0
-198112.0
-198114.0
-198112.0
-198110.0
-198114.0
-198116.0
-198112.0
-198112.0
-198112.0
-198110.0
-198112.0
-198112.0
-198112.0
-198110.0
-198120.0
-198120.0
-198126.0
-198124.0
-198124.0
-198122.0
-198120.0
-198118.0
-198120.0
-198122.0
-198124.0
-198128.0
-198130.0
-198124.0
-198122.0
-198126.0
-198126.0
-198124.0
-198122.0
-198118.0
-198116.0
-198124.0
-198128.0
-198128.0
-198130.0
-198132.0
-198140.0
-198140.0
-198136.0
-198138.0
-198138.0
-198132.0
-198130.0
-198122.0
-198120.0
-198122.0
-198126.0
-198122.0
-198132.0
-198138.0
-198138.0
-198136.0
-198138.0
-198132.0
-198130.0
-198132.0
-198130.0
-198126.0
-198128.0
-198120.0
-198116.0
-198116.0
-198124.0
-198124.0
-198112.0
-198114.0
-198116.0
-198116.0
-198112.0
-198112.0
-198116.0
-198120.0
-198120.0
-198126.0
-198132.0
-198138.0
-198132.0
-198138.0
-198144.0
-198144.0
-198148.0
-198146.0
-198148.0
-198144.0
-198140.0
-198140.0
-198136.0
-198142.0
-198142.0
-198138.0
-198144.0
-198146.0
-198154.0
-198156.0
-198152.0
-198150.0
-198146.0
-198146.0
-198148.0
-198150.0
-198148.0
-198148.0
-198150.0
-198148.0
-198156.0
-198158.0
-198162.0
-198158.0
-198160.0
-198162.0
-198164.0
-198160.0
-198156.0
-198156.0
-198160.0
-198160.0
-198158.0
-198152.0
-198152.0
-198152.0
-198156.0
-198162.0
-198162.0
-198160.0
-198158.0
-198160.0
-198160.0
-198162.0
-198166.0
-198172.0
-198170.0
-198168.0
-198164.0
-198158.0
-198160.0
-198160.0
-198154.0
-198156.0
-198160.0
-198166.0
-198174.0
-198178.0
-198184.0
-198182.0
-198182.0
-198180.0
-198184.0
-198188.0
-198188.0
-198192.0
-198196.0
-198200.0
-198198.0
-198204.0
-198192.0
-198188.0
-198190.0
-198198.0
-198196.0
-198190.0
-198184.0
-198186.0
-198186.0
-198184.0
-198182.0
-198184.0
-198180.0
-198180.0
-198172.0
-198170.0
-198162.0
-198164.0
-198166.0
-198166.0
-198164.0
-198170.0
-198176.0
-198176.0
-198176.0
-198176.0
-198178.0
-198176.0
-198170.0
-198172.0
-198176.0
-198170.0
-198168.0
-198160.0
-198168.0
-198162.0
-198160.0
-198160.0
-198162.0
-198162.0
-198162.0
-198162.0
-198156.0
-198140.0
-198144.0
-198140.0
-198142.0
-198140.0
-198138.0
-198134.0
-198126.0
-198124.0
-198120.0
-198130.0
-198130.0
-198134.0
-198130.0
-198128.0
-198124.0
-198124.0
-198124.0
-198130.0
-198126.0
-198126.0
-198134.0
-198130.0
-198126.0
-198128.0
-198128.0
-198124.0
-198120.0
-198124.0
-198114.0
-198116.0
-198114.0
-198114.0
-198114.0
-198116.0
-198110.0
-198114.0
-198112.0
-198112.0
-198112.0
-198114.0
-198114.0
-198118.0
-198112.0
-198116.0
-198116.0
-198118.0
-198120.0
-198120.0
-198110.0
-198116.0
-198108.0
-198112.0
-198110.0
-198108.0
-198102.0
-198100.0
-198104.0
-198102.0
-198104.0
-198104.0
-198102.0
-198100.0
-198092.0
-198088.0
-198092.0
-198092.0
-198098.0
-198094.0
-198098.0
-198102.0
-198102.0
-198098.0
-198100.0
-198096.0
-198094.0
-198094.0
-198098.0
-198098.0
-198094.0
-198094.0
-198096.0
-198094.0
-198096.0
-198104.0
-198108.0
-198110.0
-198108.0
-198106.0
-198106.0
-198106.0
-198110.0
-198108.0
-198100.0
-198098.0
-198102.0
-198102.0
-198098.0
-198096.0
-198094.0
-198090.0
-198098.0
-198096.0
-198090.0
-198090.0
-198084.0
-198086.0
-198088.0
-198084.0
-198084.0
-198082.0
-198082.0
-198078.0
-198080.0
-198078.0
-198074.0
-198074.0
-198070.0
-198072.0
-198060.0
-198060.0
-198066.0
-198058.0
-198060.0
-198064.0
-198060.0
-198060.0
-198072.0
-198068.0
-198068.0
-198078.0
-198078.0
-198080.0
-198076.0
-198074.0
-198078.0
-198074.0
-198068.0
-198062.0
-198068.0
-198068.0
-198072.0
-198076.0
-198072.0
-198076.0
-198074.0
-198066.0
-198070.0
-198076.0
-198074.0
-198068.0
-198070.0
-198070.0
-198072.0
-198072.0
-198076.0
-198070.0
-198068.0
-198064.0
-198070.0
-198064.0
-198068.0
-198064.0
-198064.0
-198058.0
-198060.0
-198058.0
-198058.0
-198060.0
-198058.0
-198060.0
-198058.0
-198056.0
-198056.0
-198044.0
-198042.0
-198048.0
-198038.0
-198034.0
-198028.0
-198028.0
-198026.0
-198020.0
-198016.0
-198012.0
-198020.0
-198020.0
-198018.0
-198018.0
-198018.0
-198014.0
-198016.0
-198016.0
-198016.0
-198016.0
-198008.0
-198004.0
-198002.0
-197998.0
-197996.0
-197998.0
-197996.0
-197990.0
-197984.0
-197986.0
-197990.0
-197994.0
-197996.0
-197996.0
-197996.0
-197996.0
-198002.0
-198004.0
-198008.0
-198004.0
-198008.0
-198002.0
-198002.0
-198010.0
-198010.0
-198002.0
-198008.0
-198000.0
-198004.0
-198004.0
-197998.0
-197994.0
-197988.0
-197984.0
-197984.0
-197982.0
-197992.0
-197996.0
-197992.0
-197998.0
-198000.0
-198000.0
-198000.0
-198000.0
-197994.0
-197996.0
-197998.0
-198006.0
-198004.0
-198010.0
-198012.0
-198012.0
-198014.0
-198010.0
-198012.0
-198012.0
-198024.0
-198024.0
-198022.0
-198024.0
-198024.0
-198028.0
-198026.0
-198020.0
-198016.0
-198012.0
-198018.0
-198018.0
-198016.0
-198014.0
-198012.0
-198008.0
-198010.0
-198014.0
-198018.0
-198014.0
-198010.0
-198012.0
-198008.0
-198004.0
-197998.0
-198002.0
-197994.0
-197988.0
-197986.0
-197982.0
-197982.0
-197980.0
-197978.0
-197976.0
-197972.0
-197978.0
-197982.0
-197984.0
-197976.0
-197972.0
-197970.0
-197970.0
-197970.0
-197976.0
-197976.0
-197970.0
-197970.0
-197970.0
-197972.0
-197972.0
-197968.0
-197964.0
-197966.0
-197966.0
-197968.0
-197966.0
-197966.0
-197968.0
-197966.0
-197966.0
-197964.0
-197966.0
-197966.0
-197972.0
-197970.0
-197974.0
-197974.0
-197974.0
-197978.0
-197982.0
-197984.0
-197980.0
-197980.0
-197976.0
-197980.0
-197984.0
-197986.0
-197986.0
-197986.0
-197994.0
-197992.0
-197988.0
-197992.0
-197990.0
-197988.0
-197988.0
-197996.0
-197994.0
-197988.0
-197992.0
-197996.0
-197996.0
-197990.0
-197990.0
-197994.0
-197992.0
-197992.0
-197996.0
-197998.0
-198004.0
-198006.0
-198006.0
-198006.0
-198008.0
-198008.0
-198014.0
-198010.0
-198010.0
-198008.0
-198002.0
-198006.0
-198004.0
-198004.0
-198006.0
-198004.0
-198000.0
-198002.0
-198002.0
-198002.0
-198002.0
-197998.0
-197998.0
-198000.0
-198004.0
-198000.0
-197996.0
-197998.0
-197998.0
-198006.0
-197998.0
-198000.0
-198000.0
-198000.0
-198000.0
-197994.0
-197998.0
-197996.0
-198000.0
-197998.0
-197998.0
-198004.0
-198004.0
-198014.0
-198014.0
-198016.0
-198022.0
-198020.0
-198018.0
-198016.0
-198018.0
-198020.0
-198016.0
-198024.0
-198022.0
-198014.0
-198016.0
-198018.0
-198020.0
-198022.0
-198022.0
-198030.0
-198034.0
-198024.0
-198022.0
-198024.0
-198028.0
-198026.0
-198030.0
-198030.0
-198030.0
-198030.0
-198036.0
-198034.0
-198034.0
-198030.0
-198032.0
-198030.0
-198034.0
-198026.0
-198030.0
-198028.0
-198026.0
-198028.0
-198030.0
-198030.0
-198026.0
-198018.0
-198012.0
-198014.0
-198026.0
-198032.0
-198042.0
-198040.0
-198044.0
-198044.0
-198046.0
-198044.0
-198044.0
-198042.0
-198044.0
-198038.0
-198042.0
-198040.0
-198038.0
-198038.0
-198044.0
-198044.0
-198044.0
-198042.0
-198040.0
-198040.0
-198048.0
-198040.0
-198044.0
-198050.0
-198052.0
-198052.0
-198054.0
-198050.0
-198050.0
-198052.0
-198054.0
-198054.0
-198062.0
-198062.0
-198060.0
-198062.0
-198064.0
-198066.0
-198064.0
-198064.0
-198062.0
-198066.0
-198068.0
-198064.0
-198064.0
-198060.0
-198060.0
-198062.0
-198060.0
-198060.0
-198060.0
-198064.0
-198066.0
-198066.0
-198074.0
-198068.0
-198066.0
-198066.0
-198076.0
-198074.0
-198066.0
-198066.0
-198070.0
-198082.0
-198088.0
-198086.0
-198094.0
-198086.0
-198084.0
-198090.0
-198086.0
-198086.0
-198088.0
-198088.0
-198090.0
-198086.0
-198084.0
-198086.0
-198086.0
-198088.0
-198084.0
-198084.0
-198080.0
-198084.0
-198090.0
-198088.0
-198086.0
-198084.0
-198084.0
-198078.0
-198076.0
-198068.0
-198070.0
-198078.0
-198072.0
-198074.0
-198078.0
-198080.0
-198078.0
-198084.0
-198088.0
-198088.0
-198088.0
-198086.0
-198084.0
-198074.0
-198076.0
-198080.0
-198076.0
-198080.0
-198080.0
-198088.0
-198084.0
-198080.0
-198082.0
-198084.0
-198084.0
-198078.0
-198072.0
-198070.0
-198072.0
-198064.0
-198062.0
-198064.0
-198064.0
-198058.0
-198058.0
-198056.0
-198056.0
-198054.0
-198054.0
-198056.0
-198054.0
-198048.0
-198050.0
-198048.0
-198048.0
-198046.0
-198046.0
-198048.0
-198046.0
-198056.0
-198052.0
-198046.0
-198046.0
-198048.0
-198042.0
-198048.0
-198048.0
-198052.0
-198048.0
-198056.0
-198060.0
-198062.0
-198058.0
-198056.0
-198050.0
-198052.0
-198058.0
-198060.0
-198056.0
-198054.0
-198052.0
-198056.0
-198054.0
-198058.0
-198058.0
-198064.0
-198064.0
-198066.0
-198066.0
-198058.0
-198060.0
-198056.0
-198056.0
-198060.0
-198062.0
-198070.0
-198072.0
-198072.0
-198074.0
-198074.0
-198076.0
-198072.0
-198074.0
-198076.0
-198080.0
-198074.0
-198076.0
-198074.0
-198074.0
-198068.0
-198068.0
-198064.0
-198062.0
-198064.0
-198062.0
-198068.0
-198066.0
-198062.0
-198070.0
-198072.0
-198080.0
-198090.0
-198090.0
-198092.0
-198096.0
-198090.0
-198088.0
-198080.0
-198072.0
-198074.0
-198078.0
-198076.0
-198078.0
-198078.0
-198082.0
-198078.0
-198084.0
-198082.0
-198082.0
-198084.0
-198086.0
-198090.0
-198092.0
-198092.0
-198100.0
-198098.0
-198102.0
-198100.0
-198104.0
-198106.0
-198106.0
-198106.0
-198104.0
-198102.0
-198100.0
-198098.0
-198102.0
-198108.0
-198106.0
-198104.0
-198100.0
-198104.0
-198104.0
-198106.0
-198108.0
-198110.0
-198112.0
-198116.0
-198132.0
-198132.0
-198134.0
-198136.0
-198138.0
-198136.0
-198136.0
-198136.0
-198134.0
-198140.0
-198136.0
-198136.0
-198136.0
-198140.0
-198136.0
-198126.0
-198124.0
-198130.0
-198130.0
-198130.0
-198134.0
-198136.0
-198140.0
-198138.0
-198134.0
-198138.0
-198136.0
-198144.0
-198146.0
-198146.0
-198146.0
-198142.0
-198142.0
-198140.0
-198140.0
-198144.0
-198144.0
-198144.0
-198144.0
-198144.0
-198148.0
-198148.0
-198150.0
-198154.0
-198152.0
-198154.0
-198146.0
-198144.0
-198144.0
-198148.0
-198146.0
-198140.0
-198142.0
-198140.0
-198140.0
-198136.0
-198126.0
-198124.0
-198128.0
-198128.0
-198120.0
-198118.0
-198120.0
-198124.0
-198116.0
-198116.0
-198118.0
-198112.0
-198106.0
-198112.0
-198112.0
-198112.0
-198114.0
-198114.0
-198116.0
-198122.0
-198120.0
-198116.0
-198120.0
-198120.0
-198122.0
-198116.0
-198112.0
-198108.0
-198112.0
-198108.0
-198110.0
-198106.0
-198110.0
-198102.0
-198102.0
-198106.0
-198102.0
-198100.0
-198106.0
-198108.0
-198112.0
-198114.0
-198110.0
-198104.0
-198102.0
-198098.0
-198098.0
-198094.0
-198096.0
-198096.0
-198092.0
-198098.0
-198104.0
-198108.0
-198102.0
-198094.0
-198094.0
-198094.0
-198094.0
-198100.0
-198096.0
-198090.0
-198084.0
-198080.0
-198078.0
-198078.0
-198082.0
-198076.0
-198082.0
-198090.0
-198094.0
-198092.0
-198094.0
-198096.0
-198098.0
-198098.0
-198098.0
-198096.0
-198090.0
-198086.0
-198090.0
-198090.0
-198092.0
-198092.0
-198086.0
-198076.0
-198068.0
-198062.0
-198054.0
-198052.0
-198054.0
-198052.0
-198052.0
-198048.0
-198044.0
-198042.0
-198032.0
-198026.0
-198024.0
-198018.0
-198018.0
-198016.0
-198010.0
-198014.0
-198014.0
-198012.0
-198010.0
-198010.0
-198010.0
-198014.0
-198016.0
-198014.0
-198014.0
-198014.0
-198010.0
-198016.0
-198014.0
-198016.0
-198016.0
-198008.0
-198006.0
-198014.0
-198016.0
-198016.0
-198016.0
-198016.0
-198026.0
-198024.0
-198026.0
-198024.0
-198020.0
-198026.0
-198024.0
-198030.0
-198022.0
-198028.0
-198032.0
-198034.0
-198038.0
-198034.0
-198030.0
-198022.0
-198026.0
-198024.0
-198018.0
-198022.0
-198020.0
-198020.0
-198018.0
-198014.0
-198016.0
-198014.0
-198012.0
-198012.0
-198010.0
-198010.0
-198008.0
-198016.0
-198016.0
-198014.0
-198012.0
-198012.0
-198008.0
-198010.0
-198008.0
-198004.0
-198006.0
-198006.0
-198004.0
-198004.0
-198006.0
-198012.0
-198006.0
-198002.0
-197996.0
-197990.0
-197996.0
-197996.0
-197994.0
-197996.0
-197992.0
-197990.0
-197986.0
-197996.0
-197996.0
-197998.0
-198000.0
-197996.0
-198000.0
-197998.0
-197998.0
-197996.0
-197998.0
-197998.0
-198006.0
-198012.0
-198016.0
-198010.0
-198010.0
-198016.0
-198012.0
-198012.0
-198006.0
-198008.0
-198006.0
-198006.0
-198010.0
-198004.0
-198002.0
-197998.0
-197998.0
-198004.0
-198004.0
-198000.0
-197996.0
-198000.0
-198000.0
-197998.0
-198002.0
-197996.0
-197996.0
-197992.0
-197986.0
-197988.0
-197986.0
-197988.0
-197988.0
-197986.0
-197984.0
-197992.0
-197992.0
-197994.0
-197990.0
-197992.0
-197986.0
-197986.0
-197984.0
-197982.0
-197978.0
-197976.0
-197972.0
-197976.0
-197974.0
-197974.0
-197974.0
-197974.0
-197968.0
-197968.0
-197966.0
-197964.0
-197960.0
-197964.0
-197964.0
-197964.0
-197954.0
-197954.0
-197954.0
-197958.0
-197958.0
-197962.0
-197956.0
-197958.0
-197962.0
-197952.0
-197952.0
-197956.0
-197956.0
-197954.0
-197956.0
-197954.0
-197958.0
-197952.0
-197946.0
-197948.0
-197944.0
-197944.0
-197944.0
-197946.0
-197948.0
-197946.0
-197948.0
-197948.0
-197948.0
-197946.0
-197944.0
-197950.0
-197952.0
-197954.0
-197952.0
-197948.0
-197954.0
-197954.0
-197956.0
-197958.0
-197956.0
-197958.0
-197958.0
-197960.0
-197960.0
-197958.0
-197956.0
-197954.0
-197956.0
-197960.0
-197962.0
-197956.0
-197952.0
-197954.0
-197950.0
-197950.0
-197958.0
-197954.0
-197958.0
-197962.0
-197966.0
-197964.0
-197960.0
-197966.0
-197974.0
-197974.0
-197972.0
-197966.0
-197966.0
-197978.0
-197974.0
-197978.0
-197980.0
-197980.0
-197982.0
-197990.0
-197994.0
-197996.0
-197998.0
-197998.0
-198006.0
-198004.0
-198008.0
-198012.0
-198016.0
-198016.0
-198012.0
-198008.0
-198010.0
-198012.0
-198014.0
-198016.0
-198014.0
-198016.0
-198018.0
-198020.0
-198020.0
-198024.0
-198026.0
-198032.0
-198034.0
-198040.0
-198042.0
-198038.0
-198038.0
-198036.0
-198034.0
-198026.0
-198024.0
-198016.0
-198016.0
-198018.0
-198020.0
-198018.0
-198014.0
-198016.0
-198014.0
-198010.0
-198010.0
-198008.0
-198010.0
-198002.0
-198002.0
-198000.0
-198002.0
-197998.0
-197996.0
-197998.0
-197998.0
-197994.0
-197998.0
-197994.0
-197986.0
-197980.0
-197980.0
-197978.0
-197978.0
-197976.0
-197974.0
-197968.0
-197968.0
-197970.0
-197964.0
-197964.0
-197962.0
-197962.0
-197968.0
-197968.0
-197962.0
-197968.0
-197960.0
-197958.0
-197954.0
-197948.0
-197952.0
-197954.0
-197950.0
-197946.0
-197946.0
-197948.0
-197946.0
-197952.0
-197958.0
-197952.0
-197952.0
-197954.0
-197952.0
-197956.0
-197956.0
-197956.0
-197954.0
-197950.0
-197950.0
-197952.0
-197954.0
-197956.0
-197960.0
-197964.0
-197960.0
-197966.0
-197964.0
-197962.0
-197970.0
-197980.0
-197982.0
-197980.0
-197986.0
-197992.0
-197988.0
-197984.0
-197978.0
-197980.0
-197980.0
-197974.0
-197978.0
-197976.0
-197972.0
-197974.0
-197972.0
-197974.0
-197970.0
-197972.0
-197970.0
-197968.0
-197960.0
-197962.0
-197958.0
-197956.0
-197950.0
-197954.0
-197954.0
-197950.0
-197954.0
-197952.0
-197950.0
-197950.0
-197956.0
-197954.0
-197952.0
-197956.0
-197960.0
-197962.0
-197960.0
-197954.0
-197952.0
-197952.0
-197954.0
-197948.0
-197946.0
-197948.0
-197950.0
-197950.0
-197956.0
-197952.0
-197952.0
-197950.0
-197946.0
-197946.0
-197946.0
-197944.0
-197944.0
-197944.0
-197946.0
-197950.0
-197950.0
-197944.0
-197944.0
-197944.0
-197948.0
-197942.0
-197952.0
-197964.0
-197960.0
-197956.0
-197950.0
-197946.0
-197942.0
-197940.0
-197940.0
-197936.0
-197938.0
-197932.0
-197932.0
-197928.0
-197928.0
-197922.0
-197920.0
-197926.0
-197924.0
-197924.0
-197922.0
-197918.0
-197920.0
-197926.0
-197926.0
-197920.0
-197922.0
-197920.0
-197916.0
-197920.0
-197924.0
-197920.0
-197924.0
-197922.0
-197916.0
-197912.0
-197916.0
-197918.0
-197912.0
-197914.0
-197914.0
-197912.0
-197904.0
-197900.0
-197892.0
-197892.0
-197894.0
-197900.0
-197896.0
-197886.0
-197882.0
-197880.0
-197880.0
-197884.0
-197882.0
-197886.0
-197876.0
-197878.0
-197876.0
-197876.0
-197882.0
-197886.0
-197886.0
-197884.0
-197880.0
-197886.0
-197894.0
-197892.0
-197892.0
-197896.0
-197900.0
-197902.0
-197892.0
-197890.0
-197886.0
-197888.0
-197890.0
-197890.0
-197888.0
-197888.0
-197888.0
-197886.0
-197880.0
-197880.0
-197876.0
-197876.0
-197878.0
-197870.0
-197864.0
-197860.0
-197864.0
-197860.0
-197864.0
-197858.0
-197862.0
-197866.0
-197872.0
-197872.0
-197874.0
-197874.0
-197876.0
-197872.0
-197880.0
-197882.0
-197880.0
-197882.0
-197884.0
-197882.0
-197882.0
-197884.0
-197888.0
-197886.0
-197890.0
-197890.0
-197878.0
-197874.0
-197864.0
-197862.0
-197866.0
-197870.0
-197874.0
-197876.0
-197882.0
-197878.0
-197876.0
-197876.0
-197876.0
-197870.0
-197868.0
-197870.0
-197876.0
-197878.0
-197878.0
-197878.0
-197882.0
-197878.0
-197880.0
-197880.0
-197882.0
-197878.0
-197878.0
-197870.0
-197872.0
-197874.0
-197864.0
-197862.0
-197858.0
-197858.0
-197854.0
-197858.0
-197856.0
-197850.0
-197850.0
-197850.0
-197852.0
-197850.0
-197854.0
-197854.0
-197850.0
-197850.0
-197854.0
-197858.0
-197856.0
-197856.0
-197848.0
-197850.0
-197850.0
-197852.0
-197852.0
-197848.0
-197850.0
-197842.0
-197840.0
-197842.0
-197840.0
-197836.0
-197840.0
-197836.0
-197836.0
-197834.0
-197836.0
-197836.0
-197836.0
-197832.0
-197834.0
-197840.0
-197842.0
-197838.0
-197842.0
-197846.0
-197846.0
-197850.0
-197842.0
-197836.0
-197836.0
-197838.0
-197838.0
-197842.0
-197840.0
-197840.0
-197838.0
-197832.0
-197832.0
-197832.0
-197830.0
-197824.0
-197824.0
-197820.0
-197818.0
-197820.0
-197818.0
-197820.0
-197820.0
-197816.0
-197820.0
-197816.0
-197818.0
-197814.0
-197816.0
-197820.0
-197822.0
-197822.0
-197820.0
-197818.0
-197826.0
-197826.0
-197828.0
-197822.0
-197818.0
-197816.0
-197818.0
-197826.0
-197828.0
-197824.0
-197820.0
-197824.0
-197818.0
-197818.0
-197814.0
-197820.0
-197822.0
-197816.0
-197816.0
-197812.0
-197812.0
-197812.0
-197806.0
-197808.0
-197808.0
-197808.0
-197812.0
-197810.0
-197818.0
-197816.0
-197822.0
-197822.0
-197822.0
-197816.0
-197818.0
-197816.0
-197814.0
-197812.0
-197810.0
-197810.0
-197814.0
-197816.0
-197814.0
-197806.0
-197806.0
-197804.0
-197810.0
-197808.0
-197810.0
-197812.0
-197808.0
-197802.0
-197802.0
-197806.0
-197806.0
-197810.0
-197806.0
-197806.0
-197804.0
-197802.0
-197798.0
-197792.0
-197790.0
-197794.0
-197788.0
-197790.0
-197788.0
-197790.0
-197784.0
-197792.0
-197792.0
-197792.0
-197794.0
-197790.0
-197794.0
-197804.0
-197804.0
-197806.0
-197812.0
-197808.0
-197804.0
-197806.0
-197804.0
-197812.0
-197818.0
-197818.0
-197822.0
-197820.0
-197820.0
-197820.0
-197822.0
-197826.0
-197832.0
-197830.0
-197828.0
-197824.0
-197832.0
-197840.0
-197844.0
-197842.0
-197850.0
-197856.0
-197854.0
-197854.0
-197860.0
-197856.0
-197862.0
-197864.0
-197858.0
-197850.0
-197854.0
-197860.0
-197862.0
-197862.0
-197856.0
-197856.0
-197858.0
-197862.0
-197862.0
-197868.0
-197872.0
-197868.0
-197864.0
-197864.0
-197862.0
-197860.0
-197860.0
-197860.0
-197856.0
-197860.0
-197860.0
-197866.0
-197866.0
-197874.0
-197870.0
-197858.0
-197868.0
-197868.0
-197872.0
-197878.0
-197878.0
-197876.0
-197864.0
-197862.0
-197854.0
-197854.0
-197852.0
-197850.0
-197850.0
-197850.0
-197850.0
-197848.0
-197846.0
-197840.0
-197836.0
-197838.0
-197836.0
-197826.0
-197830.0
-197824.0
-197824.0
-197836.0
-197836.0
-197828.0
-197826.0
-197826.0
-197832.0
-197826.0
-197826.0
-197826.0
-197840.0
-197840.0
-197840.0
-197838.0
-197834.0
-197834.0
-197830.0
-197826.0
-197826.0
-197826.0
-197826.0
-197834.0
-197836.0
-197838.0
-197832.0
-197838.0
-197838.0
-197838.0
-197836.0
-197836.0
-197836.0
-197830.0
-197822.0
-197824.0
-197824.0
-197824.0
-197826.0
-197832.0
-197838.0
-197844.0
-197844.0
-197844.0
-197842.0
-197844.0
-197848.0
-197852.0
-197854.0
-197856.0
-197850.0
-197850.0
-197848.0
-197854.0
-197854.0
-197864.0
-197862.0
-197858.0
-197858.0
-197860.0
-197858.0
-197852.0
-197852.0
-197850.0
-197846.0
-197848.0
-197840.0
-197842.0
-197840.0
-197846.0
-197842.0
-197844.0
-197848.0
-197858.0
-197858.0
-197856.0
-197856.0
-197860.0
-197858.0
-197856.0
-197854.0
-197852.0
-197848.0
-197840.0
-197846.0
-197846.0
-197860.0
-197866.0
-197862.0
-197862.0
-197860.0
-197858.0
-197864.0
-197858.0
-197856.0
-197858.0
-197856.0
-197850.0
-197852.0
-197850.0
-197850.0
-197846.0
-197846.0
-197850.0
-197850.0
-197844.0
-197846.0
-197844.0
-197842.0
-197842.0
-197840.0
-197842.0
-197844.0
-197842.0
-197842.0
-197834.0
-197828.0
-197828.0
-197832.0
-197832.0
-197836.0
-197834.0
-197834.0
-197840.0
-197840.0
-197840.0
-197838.0
-197842.0
-197840.0
-197840.0
-197838.0
-197836.0
-197832.0
-197824.0
-197818.0
-197814.0
-197814.0
-197814.0
-197818.0
-197822.0
-197820.0
-197818.0
-197810.0
-197812.0
-197812.0
-197804.0
-197806.0
-197808.0
-197812.0
-197818.0
-197816.0
-197814.0
-197814.0
-197818.0
-197816.0
-197816.0
-197818.0
-197814.0
-197814.0
-197808.0
-197810.0
-197814.0
-197818.0
-197818.0
-197824.0
-197824.0
-197822.0
-197824.0
-197820.0
-197828.0
-197826.0
-197824.0
-197822.0
-197826.0
-197830.0
-197826.0
-197826.0
-197824.0
-197828.0
-197834.0
-197832.0
-197830.0
-197828.0
-197830.0
-197834.0
-197828.0
-197826.0
-197828.0
-197828.0
-197830.0
-197828.0
-197828.0
-197834.0
-197832.0
-197836.0
-197840.0
-197836.0
-197826.0
-197830.0
-197828.0
-197828.0
-197824.0
-197820.0
-197808.0
-197806.0
-197806.0
-197812.0
-197810.0
-197806.0
-197808.0
-197804.0
-197800.0
-197798.0
-197796.0
-197798.0
-197800.0
-197806.0
-197804.0
-197796.0
-197806.0
-197808.0
-197806.0
-197804.0
-197806.0
-197808.0
-197800.0
-197802.0
-197804.0
-197804.0
-197806.0
-197808.0
-197810.0
-197806.0
-197796.0
-197798.0
-197792.0
-197798.0
-197798.0
-197798.0
-197804.0
-197794.0
-197792.0
-197790.0
-197786.0
-197788.0
-197782.0
-197782.0
-197780.0
-197774.0
-197768.0
-197762.0
-197756.0
-197758.0
-197752.0
-197756.0
-197758.0
-197756.0
-197750.0
-197746.0
-197746.0
-197734.0
-197736.0
-197740.0
-197744.0
-197744.0
-197744.0
-197742.0
-197744.0
-197744.0
-197748.0
-197742.0
-197746.0
-197746.0
-197742.0
-197742.0
-197740.0
-197738.0
-197734.0
-197738.0
-197736.0
-197738.0
-197738.0
-197734.0
-197726.0
-197730.0
-197728.0
-197730.0
-197732.0
-197724.0
-197724.0
-197722.0
-197722.0
-197726.0
-197736.0
-197738.0
-197736.0
-197738.0
-197742.0
-197742.0
-197752.0
-197748.0
-197744.0
-197744.0
-197738.0
-197734.0
-197738.0
-197732.0
-197730.0
-197742.0
-197742.0
-197742.0
-197742.0
-197748.0
-197752.0
-197752.0
-197750.0
-197750.0
-197752.0
-197758.0
-197754.0
-197750.0
-197758.0
-197760.0
-197762.0
-197758.0
-197752.0
-197748.0
-197748.0
-197746.0
-197738.0
-197738.0
-197740.0
-197748.0
-197748.0
-197752.0
-197752.0
-197758.0
-197762.0
-197758.0
-197756.0
-197754.0
-197758.0
-197762.0
-197766.0
-197764.0
-197766.0
-197772.0
-197778.0
-197780.0
-197780.0
-197782.0
-197772.0
-197776.0
-197776.0
-197778.0
-197782.0
-197784.0
-197780.0
-197784.0
-197788.0
-197788.0
-197784.0
-197780.0
-197786.0
-197790.0
-197790.0
-197794.0
-197790.0
-197794.0
-197790.0
-197786.0
-197788.0
-197786.0
-197786.0
-197788.0
-197788.0
-197784.0
-197786.0
-197780.0
-197774.0
-197774.0
-197776.0
-197774.0
-197776.0
-197776.0
-197780.0
-197774.0
-197766.0
-197766.0
-197756.0
-197760.0
-197756.0
-197760.0
-197764.0
-197770.0
-197772.0
-197770.0
-197776.0
-197774.0
-197778.0
-197776.0
-197772.0
-197770.0
-197772.0
-197778.0
-197780.0
-197782.0
-197780.0
-197776.0
-197774.0
-197774.0
-197776.0
-197778.0
-197780.0
-197782.0
-197784.0
-197776.0
-197778.0
-197782.0
-197782.0
-197788.0
-197794.0
-197796.0
-197796.0
-197800.0
-197796.0
-197800.0
-197800.0
-197798.0
-197794.0
-197794.0
-197800.0
-197806.0
-197804.0
-197800.0
-197798.0
-197788.0
-197780.0
-197786.0
-197784.0
-197796.0
-197790.0
-197790.0
-197794.0
-197796.0
-197798.0
-197790.0
-197794.0
-197788.0
-197792.0
-197798.0
-197800.0
-197802.0
-197812.0
-197808.0
-197804.0
-197808.0
-197816.0
-197820.0
-197820.0
-197830.0
-197832.0
-197828.0
-197828.0
-197832.0
-197830.0
-197830.0
-197834.0
-197836.0
-197842.0
-197834.0
-197832.0
-197830.0
-197836.0
-197832.0
-197830.0
-197828.0
-197824.0
-197822.0
-197822.0
-197826.0
-197828.0
-197830.0
-197822.0
-197822.0
-197816.0
-197816.0
-197814.0
-197820.0
-197816.0
-197810.0
-197812.0
-197810.0
-197806.0
-197802.0
-197794.0
-197794.0
-197784.0
-197786.0
-197794.0
-197794.0
-197796.0
-197800.0
-197800.0
-197798.0
-197802.0
-197802.0
-197812.0
-197812.0
-197816.0
-197816.0
-197812.0
-197810.0
-197806.0
-197808.0
-197808.0
-197804.0
-197804.0
-197804.0
-197804.0
-197798.0
-197796.0
-197800.0
-197794.0
-197786.0
-197778.0
-197782.0
-197784.0
-197792.0
-197794.0
-197788.0
-197788.0
-197794.0
-197788.0
-197786.0
-197792.0
-197788.0
-197790.0
-197786.0
-197788.0
-197782.0
-197780.0
-197782.0
-197782.0
-197784.0
-197786.0
-197788.0
-197788.0
-197790.0
-197790.0
-197788.0
-197792.0
-197792.0
-197796.0
-197794.0
-197794.0
-197798.0
-197798.0
-197800.0
-197798.0
-197802.0
-197808.0
-197812.0
-197814.0
-197812.0
-197804.0
-197804.0
-197808.0
-197818.0
-197824.0
-197820.0
-197824.0
-197822.0
-197820.0
-197816.0
-197816.0
-197820.0
-197824.0
-197836.0
-197828.0
-197832.0
-197828.0
-197824.0
-197820.0
-197816.0
-197814.0
-197818.0
-197814.0
-197814.0
-197812.0
-197814.0
-197816.0
-197816.0
-197816.0
-197818.0
-197824.0
-197822.0
-197820.0
-197824.0
-197826.0
-197828.0
-197830.0
-197834.0
-197832.0
-197834.0
-197836.0
-197842.0
-197840.0
-197842.0
-197844.0
-197848.0
-197848.0
-197850.0
-197844.0
-197846.0
-197842.0
-197842.0
-197842.0
-197846.0
-197846.0
-197848.0
-197854.0
-197850.0
-197844.0
-197844.0
-197846.0
-197852.0
-197848.0
-197842.0
-197842.0
-197842.0
-197844.0
-197846.0
-197840.0
-197842.0
-197838.0
-197838.0
-197840.0
-197838.0
-197836.0
-197838.0
-197842.0
-197842.0
-197846.0
-197850.0
-197848.0
-197854.0
-197850.0
-197846.0
-197854.0
-197858.0
-197858.0
-197856.0
-197856.0
-197860.0
-197860.0
-197862.0
-197866.0
-197862.0
-197864.0
-197860.0
-197858.0
-197858.0
-197860.0
-197860.0
-197858.0
-197854.0
-197854.0
-197862.0
-197858.0
-197858.0
-197854.0
-197852.0
-197860.0
-197858.0
-197860.0
-197860.0
-197862.0
-197856.0
-197858.0
-197858.0
-197856.0
-197860.0
-197856.0
-197858.0
-197864.0
-197860.0
-197860.0
-197854.0
-197856.0
-197858.0
-197854.0
-197854.0
-197850.0
-197850.0
-197848.0
-197854.0
-197850.0
-197862.0
-197860.0
-197866.0
-197872.0
-197872.0
-197868.0
-197872.0
-197878.0
-197880.0
-197878.0
-197876.0
-197876.0
-197874.0
-197872.0
-197868.0
-197870.0
-197872.0
-197874.0
-197864.0
-197862.0
-197856.0
-197848.0
-197848.0
-197848.0
-197854.0
-197844.0
-197844.0
-197846.0
-197848.0
-197850.0
-197842.0
-197836.0
-197830.0
-197840.0
-197834.0
-197836.0
-197838.0
-197832.0
-197836.0
-197834.0
-197834.0
-197830.0
-197832.0
-197836.0
-197838.0
-197844.0
-197844.0
-197848.0
-197844.0
-197838.0
-197834.0
-197834.0
-197834.0
-197834.0
-197830.0
-197830.0
-197834.0
-197832.0
-197820.0
-197822.0
-197816.0
-197822.0
-197818.0
-197812.0
-197818.0
-197806.0
-197802.0
-197804.0
-197800.0
-197796.0
-197802.0
-197806.0
-197816.0
-197822.0
-197832.0
-197828.0
-197832.0
-197828.0
-197826.0
-197828.0
-197830.0
-197826.0
-197824.0
-197820.0
-197814.0
-197818.0
-197822.0
-197820.0
-197818.0
-197818.0
-197818.0
-197812.0
-197812.0
-197808.0
-197806.0
-197806.0
-197808.0
-197804.0
-197802.0
-197804.0
-197800.0
-197802.0
-197804.0
-197804.0
-197810.0
-197810.0
-197814.0
-197810.0
-197814.0
-197814.0
-197814.0
-197808.0
-197808.0
-197796.0
-197792.0
-197794.0
-197790.0
-197788.0
-197784.0
-197778.0
-197782.0
-197780.0
-197774.0
-197770.0
-197766.0
-197772.0
-197774.0
-197764.0
-197770.0
-197772.0
-197766.0
-197768.0
-197768.0
-197768.0
-197766.0
-197768.0
-197768.0
-197762.0
-197758.0
-197762.0
-197758.0
-197758.0
-197764.0
-197762.0
-197768.0
-197768.0
-197762.0
-197768.0
-197766.0
-197760.0
-197760.0
-197756.0
-197754.0
-197752.0
-197762.0
-197758.0
-197758.0
-197758.0
-197760.0
-197760.0
-197766.0
-197762.0
-197770.0
-197770.0
-197770.0
-197776.0
-197776.0
-197778.0
-197780.0
-197784.0
-197788.0
-197788.0
-197788.0
-197786.0
-197788.0
-197790.0
-197790.0
-197792.0
-197792.0
-197790.0
-197790.0
-197792.0
-197800.0
-197798.0
-197800.0
-197800.0
-197808.0
-197800.0
-197796.0
-197792.0
-197794.0
-197792.0
-197796.0
-197798.0
-197798.0
-197792.0
-197796.0
-197796.0
-197800.0
-197802.0
-197804.0
-197806.0
-197806.0
-197802.0
-197806.0
-197810.0
-197814.0
-197808.0
-197806.0
-197810.0
-197806.0
-197810.0
-197810.0
-197810.0
-197818.0
-197820.0
-197826.0
-197824.0
-197824.0
-197828.0
-197830.0
-197838.0
-197836.0
-197844.0
-197850.0
-197848.0
-197846.0
-197852.0
-197862.0
-197856.0
-197858.0
-197858.0
-197860.0
-197864.0
-197864.0
-197866.0
-197864.0
-197862.0
-197862.0
-197862.0
-197858.0
-197864.0
-197870.0
-197864.0
-197866.0
-197872.0
-197870.0
-197872.0
-197868.0
-197870.0
-197872.0
-197872.0
-197874.0
-197876.0
-197876.0
-197872.0
-197868.0
-197864.0
-197864.0
-197874.0
-197876.0
-197874.0
-197870.0
-197862.0
-197854.0
-197856.0
-197860.0
-197858.0
-197852.0
-197854.0
-197852.0
-197850.0
-197858.0
-197858.0
-197860.0
-197860.0
-197860.0
-197856.0
-197862.0
-197862.0
-197864.0
-197864.0
-197862.0
-197860.0
-197856.0
-197856.0
-197852.0
-197852.0
-197848.0
-197848.0
-197854.0
-197854.0
-197852.0
-197852.0
-197848.0
-197848.0
-197850.0
-197850.0
-197848.0
-197850.0
-197850.0
-197852.0
-197850.0
-197850.0
-197850.0
-197846.0
-197840.0
-197836.0
-197824.0
-197824.0
-197822.0
-197830.0
-197830.0
-197832.0
-197834.0
-197834.0
-197834.0
-197836.0
-197834.0
-197830.0
-197828.0
-197832.0
-197832.0
-197838.0
-197836.0
-197836.0
-197836.0
-197834.0
-197840.0
-197840.0
-197840.0
-197842.0
-197840.0
-197842.0
-197838.0
-197844.0
-197842.0
-197838.0
-197836.0
-197836.0
-197836.0
-197846.0
-197834.0
-197836.0
-197834.0
-197838.0
-197842.0
-197838.0
-197838.0
-197842.0
-197840.0
-197836.0
-197838.0
-197842.0
-197848.0
-197850.0
-197856.0
-197860.0
-197862.0
-197860.0
-197858.0
-197860.0
-197860.0
-197852.0
-197848.0
-197854.0
-197854.0
-197848.0
-197850.0
-197850.0
-197842.0
-197842.0
-197840.0
-197842.0
-197838.0
-197838.0
-197834.0
-197836.0
-197842.0
-197844.0
-197848.0
-197842.0
-197840.0
-197840.0
-197846.0
-197846.0
-197846.0
-197852.0
-197848.0
-197852.0
-197846.0
-197844.0
-197838.0
-197836.0
-197836.0
-197838.0
-197846.0
-197848.0
-197844.0
-197838.0
-197838.0
-197838.0
-197840.0
-197846.0
-197848.0
-197848.0
-197854.0
-197856.0
-197852.0
-197852.0
-197850.0
-197858.0
-197860.0
-197860.0
-197864.0
-197860.0
-197860.0
-197860.0
-197862.0
-197862.0
-197864.0
-197862.0
-197862.0
-197864.0
-197866.0
-197862.0
-197862.0
-197862.0
-197866.0
-197864.0
-197870.0
-197868.0
-197872.0
-197868.0
-197862.0
-197862.0
-197866.0
-197868.0
-197866.0
-197870.0
-197864.0
-197864.0
-197860.0
-197858.0
-197852.0
-197856.0
-197850.0
-197848.0
-197858.0
-197864.0
-197866.0
-197870.0
-197870.0
-197872.0
-197872.0
-197868.0
-197866.0
-197868.0
-197872.0
-197876.0
-197868.0
-197864.0
-197856.0
-197862.0
-197862.0
-197860.0
-197860.0
-197856.0
-197856.0
-197854.0
-197854.0
-197860.0
-197858.0
-197862.0
-197862.0
-197862.0
-197858.0
-197852.0
-197850.0
-197852.0
-197848.0
-197846.0
-197842.0
-197840.0
-197842.0
-197840.0
-197834.0
-197830.0
-197826.0
-197826.0
-197828.0
-197826.0
-197820.0
-197814.0
-197804.0
-197810.0
-197812.0
-197810.0
-197814.0
-197820.0
-197814.0
-197818.0
-197816.0
-197814.0
-197816.0
-197828.0
-197830.0
-197824.0
-197830.0
-197832.0
-197832.0
-197832.0
-197842.0
-197836.0
-197830.0
-197830.0
-197830.0
-197832.0
-197832.0
-197832.0
-197834.0
-197834.0
-197834.0
-197838.0
-197838.0
-197838.0
-197840.0
-197834.0
-197834.0
-197832.0
-197832.0
-197832.0
-197836.0
-197832.0
-197828.0
-197826.0
-197818.0
-197818.0
-197822.0
-197816.0
-197818.0
-197818.0
-197818.0
-197812.0
-197810.0
-197812.0
-197810.0
-197818.0
-197820.0
-197816.0
-197818.0
-197822.0
-197820.0
-197824.0
-197820.0
-197820.0
-197818.0
-197806.0
-197804.0
-197802.0
-197796.0
-197798.0
-197800.0
-197792.0
-197790.0
-197782.0
-197782.0
-197774.0
-197770.0
-197776.0
-197772.0
-197770.0
-197768.0
-197766.0
-197764.0
-197764.0
-197766.0
-197770.0
-197764.0
-197764.0
-197758.0
-197756.0
-197756.0
-197750.0
-197744.0
-197748.0
-197748.0
-197744.0
-197742.0
-197750.0
-197750.0
-197752.0
-197748.0
-197750.0
-197746.0
-197744.0
-197738.0
-197732.0
-197728.0
-197730.0
-197730.0
-197730.0
-197734.0
-197734.0
-197728.0
-197732.0
-197734.0
-197734.0
-197738.0
-197730.0
-197724.0
-197720.0
-197722.0
-197722.0
-197722.0
-197726.0
-197728.0
-197722.0
-197714.0
-197720.0
-197718.0
-197720.0
-197716.0
-197716.0
-197714.0
-197714.0
-197720.0
-197716.0
-197722.0
-197720.0
-197716.0
-197712.0
-197710.0
-197714.0
-197720.0
-197718.0
-197718.0
-197720.0
-197724.0
-197720.0
-197724.0
-197728.0
-197726.0
-197724.0
-197716.0
-197712.0
-197710.0
-197710.0
-197710.0
-197708.0
-197704.0
-197700.0
-197698.0
-197698.0
-197706.0
-197708.0
-197710.0
-197704.0
-197710.0
-197708.0
-197704.0
-197700.0
-197704.0
-197706.0
-197708.0
-197712.0
-197704.0
-197698.0
-197698.0
-197710.0
-197716.0
-197704.0
-197698.0
-197690.0
-197688.0
-197690.0
-197684.0
-197686.0
-197686.0
-197680.0
-197678.0
-197676.0
-197682.0
-197678.0
-197680.0
-197684.0
-197684.0
-197682.0
-197680.0
-197680.0
-197678.0
-197680.0
-197682.0
-197678.0
-197680.0
-197680.0
-197680.0
-197680.0
-197682.0
-197688.0
-197680.0
-197682.0
-197682.0
-197682.0
-197684.0
-197684.0
-197686.0
-197684.0
-197678.0
-197680.0
-197676.0
-197672.0
-197668.0
-197666.0
-197672.0
-197674.0
-197676.0
-197672.0
-197674.0
-197664.0
-197658.0
-197662.0
-197660.0
-197660.0
-197654.0
-197658.0
-197656.0
-197658.0
-197664.0
-197664.0
-197666.0
-197662.0
-197652.0
-197658.0
-197654.0
-197654.0
-197658.0
-197658.0
-197658.0
-197658.0
-197654.0
-197656.0
-197656.0
-197658.0
-197652.0
-197652.0
-197652.0
-197646.0
-197642.0
-197646.0
-197646.0
-197648.0
-197644.0
-197644.0
-197642.0
-197646.0
-197646.0
-197642.0
-197642.0
-197644.0
-197646.0
-197642.0
-197644.0
-197638.0
-197644.0
-197642.0
-197644.0
-197648.0
-197646.0
-197644.0
-197646.0
-197642.0
-197648.0
-197652.0
-197646.0
-197648.0
-197652.0
-197652.0
-197654.0
-197662.0
-197658.0
-197662.0
-197664.0
-197668.0
-197666.0
-197664.0
-197662.0
-197664.0
-197662.0
-197656.0
-197650.0
-197648.0
-197650.0
-197652.0
-197650.0
-197650.0
-197652.0
-197652.0
-197652.0
-197648.0
-197652.0
-197652.0
-197658.0
-197656.0
-197660.0
-197670.0
-197666.0
-197668.0
-197668.0
-197666.0
-197662.0
-197652.0
-197650.0
-197650.0
-197654.0
-197656.0
-197654.0
-197652.0
-197654.0
-197652.0
-197656.0
-197658.0
-197662.0
-197658.0
-197656.0
-197654.0
-197648.0
-197646.0
-197644.0
-197642.0
-197640.0
-197648.0
-197650.0
-197650.0
-197656.0
-197654.0
-197656.0
-197660.0
-197666.0
-197664.0
-197660.0
-197666.0
-197664.0
-197660.0
-197662.0
-197656.0
-197654.0
-197656.0
-197656.0
-197656.0
-197656.0
-197654.0
-197654.0
-197652.0
-197648.0
-197656.0
-197658.0
-197658.0
-197658.0
-197662.0
-197662.0
-197666.0
-197666.0
-197664.0
-197668.0
-197672.0
-197668.0
-197672.0
-197676.0
-197678.0
-197684.0
-197686.0
-197680.0
-197680.0
-197682.0
-197682.0
-197682.0
-197682.0
-197674.0
-197670.0
-197674.0
-197676.0
-197676.0
-197672.0
-197674.0
-197676.0
-197676.0
-197676.0
-197678.0
-197686.0
-197686.0
-197682.0
-197680.0
-197676.0
-197672.0
-197672.0
-197668.0
-197672.0
-197678.0
-197680.0
-197678.0
-197676.0
-197684.0
-197688.0
-197688.0
-197686.0
-197682.0
-197684.0
-197690.0
-197696.0
-197694.0
-197702.0
-197694.0
-197690.0
-197700.0
-197700.0
-197704.0
-197702.0
-197702.0
-197702.0
-197702.0
-197700.0
-197704.0
-197700.0
-197700.0
-197702.0
-197698.0
-197692.0
-197694.0
-197696.0
-197696.0
-197702.0
-197700.0
-197702.0
-197708.0
-197710.0
-197708.0
-197708.0
-197708.0
-197706.0
-197702.0
-197708.0
-197708.0
-197712.0
-197708.0
-197710.0
-197716.0
-197712.0
-197712.0
-197710.0
-197716.0
-197710.0
-197710.0
-197704.0
-197704.0
-197696.0
-197694.0
-197694.0
-197702.0
-197698.0
-197694.0
-197700.0
-197702.0
-197698.0
-197700.0
-197704.0
-197704.0
-197704.0
-197704.0
-197702.0
-197700.0
-197700.0
-197696.0
-197696.0
-197702.0
-197702.0
-197700.0
-197700.0
-197702.0
-197702.0
-197698.0
-197700.0
-197698.0
-197698.0
-197700.0
-197708.0
-197706.0
-197704.0
-197700.0
-197698.0
-197700.0
-197700.0
-197700.0
-197702.0
-197702.0
-197698.0
-197702.0
-197700.0
-197702.0
-197706.0
-197710.0
-197708.0
-197714.0
-197716.0
-197714.0
-197712.0
-197710.0
-197712.0
-197710.0
-197702.0
-197694.0
-197696.0
-197700.0
-197700.0
-197698.0
-197694.0
-197698.0
-197710.0
-197702.0
-197704.0
-197706.0
-197710.0
-197712.0
-197706.0
-197710.0
-197712.0
-197710.0
-197706.0
-197704.0
-197712.0
-197722.0
-197722.0
-197712.0
-197710.0
-197700.0
-197708.0
-197706.0
-197706.0
-197704.0
-197702.0
-197708.0
-197706.0
-197704.0
-197700.0
-197696.0
-197700.0
-197710.0
-197714.0
-197714.0
-197714.0
-197712.0
-197714.0
-197716.0
-197724.0
-197730.0
-197722.0
-197718.0
-197714.0
-197714.0
-197718.0
-197712.0
-197712.0
-197706.0
-197706.0
-197698.0
-197702.0
-197700.0
-197702.0
-197698.0
-197702.0
-197710.0
-197718.0
-197716.0
-197722.0
-197722.0
-197724.0
-197718.0
-197718.0
-197722.0
-197720.0
-197718.0
-197720.0
-197722.0
-197718.0
-197718.0
-197718.0
-197720.0
-197720.0
-197716.0
-197716.0
-197722.0
-197716.0
-197720.0
-197722.0
-197724.0
-197724.0
-197728.0
-197730.0
-197728.0
-197734.0
-197730.0
-197722.0
-197722.0
-197724.0
-197722.0
-197718.0
-197718.0
-197722.0
-197726.0
-197726.0
-197722.0
-197726.0
-197726.0
-197726.0
-197732.0
-197730.0
-197724.0
-197726.0
-197722.0
-197716.0
-197724.0
-197728.0
-197726.0
-197728.0
-197730.0
-197724.0
-197720.0
-197726.0
-197722.0
-197716.0
-197718.0
-197722.0
-197718.0
-197716.0
-197714.0
-197712.0
-197710.0
-197700.0
-197704.0
-197696.0
-197698.0
-197692.0
-197688.0
-197688.0
-197690.0
-197684.0
-197684.0
-197684.0
-197682.0
-197680.0
-197684.0
-197688.0
-197680.0
-197676.0
-197682.0
-197686.0
-197696.0
-197698.0
-197698.0
-197692.0
-197688.0
-197678.0
-197678.0
-197680.0
-197684.0
-197684.0
-197688.0
-197684.0
-197688.0
-197684.0
-197684.0
-197682.0
-197678.0
-197682.0
-197680.0
-197682.0
-197680.0
-197674.0
-197676.0
-197680.0
-197682.0
-197684.0
-197684.0
-197686.0
-197684.0
-197692.0
-197694.0
-197692.0
-197694.0
-197694.0
-197696.0
-197696.0
-197694.0
-197700.0
-197704.0
-197696.0
-197700.0
-197696.0
-197694.0
-197688.0
-197686.0
-197682.0
-197682.0
-197684.0
-197682.0
-197688.0
-197688.0
-197688.0
-197684.0
-197682.0
-197688.0
-197686.0
-197684.0
-197686.0
-197686.0
-197680.0
-197680.0
-197686.0
-197672.0
-197676.0
-197674.0
-197676.0
-197672.0
-197674.0
-197674.0
-197676.0
-197676.0
-197682.0
-197684.0
-197686.0
-197684.0
-197678.0
-197676.0
-197674.0
-197676.0
-197678.0
-197682.0
-197684.0
-197684.0
-197690.0
-197680.0
-197682.0
-197682.0
-197676.0
-197676.0
-197680.0
-197678.0
-197678.0
-197672.0
-197672.0
-197666.0
-197670.0
-197668.0
-197668.0
-197670.0
-197666.0
-197672.0
-197668.0
-197668.0
-197670.0
-197670.0
-197674.0
-197676.0
-197676.0
-197676.0
-197674.0
-197676.0
-197676.0
-197668.0
-197672.0
-197674.0
-197676.0
-197668.0
-197666.0
-197664.0
-197662.0
-197664.0
-197666.0
-197664.0
-197670.0
-197676.0
-197672.0
-197668.0
-197670.0
-197664.0
-197668.0
-197668.0
-197670.0
-197664.0
-197666.0
-197666.0
-197666.0
-197670.0
-197670.0
-197674.0
-197670.0
-197672.0
-197678.0
-197670.0
-197670.0
-197670.0
-197668.0
-197666.0
-197670.0
-197672.0
-197672.0
-197670.0
-197664.0
-197668.0
-197664.0
-197666.0
-197656.0
-197654.0
-197656.0
-197656.0
-197654.0
-197654.0
-197656.0
-197652.0
-197658.0
-197660.0
-197660.0
-197660.0
-197656.0
-197660.0
-197658.0
-197662.0
-197666.0
-197664.0
-197662.0
-197662.0
-197656.0
-197658.0
-197646.0
-197640.0
-197642.0
-197648.0
-197648.0
-197656.0
-197656.0
-197656.0
-197660.0
-197660.0
-197662.0
-197664.0
-197666.0
-197664.0
-197650.0
-197642.0
-197638.0
-197642.0
-197648.0
-197652.0
-197652.0
-197656.0
-197658.0
-197654.0
-197656.0
-197652.0
-197654.0
-197658.0
-197656.0
-197658.0
-197652.0
-197648.0
-197648.0
-197646.0
-197642.0
-197644.0
-197644.0
-197646.0
-197638.0
-197634.0
-197632.0
-197628.0
-197624.0
-197630.0
-197634.0
-197630.0
-197634.0
-197634.0
-197630.0
-197626.0
-197624.0
-197620.0
-197622.0
-197614.0
-197612.0
-197610.0
-197608.0
-197606.0
-197608.0
-197610.0
-197608.0
-197612.0
-197616.0
-197616.0
-197614.0
-197610.0
-197610.0
-197614.0
-197610.0
-197610.0
-197600.0
-197600.0
-197602.0
-197604.0
-197602.0
-197608.0
-197608.0
-197598.0
-197604.0
-197612.0
-197612.0
-197614.0
-197614.0
-197614.0
-197608.0
-197608.0
-197608.0
-197610.0
-197616.0
-197622.0
-197622.0
-197624.0
-197628.0
-197630.0
-197630.0
-197628.0
-197624.0
-197624.0
-197624.0
-197630.0
-197628.0
-197626.0
-197632.0
-197630.0
-197636.0
-197636.0
-197636.0
-197624.0
-197622.0
-197618.0
-197618.0
-197618.0
-197628.0
-197634.0
-197632.0
-197636.0
-197640.0
-197646.0
-197642.0
-197638.0
-197636.0
-197628.0
-197626.0
-197628.0
-197626.0
-197630.0
-197628.0
-197628.0
-197622.0
-197622.0
-197618.0
-197620.0
-197616.0
-197618.0
-197614.0
-197612.0
-197606.0
-197602.0
-197602.0
-197598.0
-197600.0
-197598.0
-197600.0
-197602.0
-197604.0
-197600.0
-197604.0
-197608.0
-197614.0
-197606.0
-197622.0
-197622.0
-197622.0
-197624.0
-197622.0
-197626.0
-197630.0
-197630.0
-197632.0
-197632.0
-197640.0
-197640.0
-197636.0
-197632.0
-197630.0
-197630.0
-197624.0
-197630.0
-197628.0
-197628.0
-197630.0
-197626.0
-197624.0
-197624.0
-197624.0
-197622.0
-197624.0
-197626.0
-197628.0
-197622.0
-197618.0
-197612.0
-197610.0
-197606.0
-197608.0
-197596.0
-197600.0
-197598.0
-197602.0
-197600.0
-197602.0
-197604.0
-197608.0
-197610.0
-197608.0
-197608.0
-197604.0
-197602.0
-197600.0
-197596.0
-197592.0
-197590.0
-197588.0
-197588.0
-197590.0
-197592.0
-197590.0
-197582.0
-197580.0
-197582.0
-197578.0
-197580.0
-197578.0
-197578.0
-197578.0
-197576.0
-197580.0
-197582.0
-197576.0
-197576.0
-197572.0
-197574.0
-197572.0
-197582.0
-197586.0
-197586.0
-197590.0
-197590.0
-197588.0
-197582.0
-197578.0
-197580.0
-197572.0
-197568.0
-197568.0
-197570.0
-197566.0
-197568.0
-197568.0
-197570.0
-197568.0
-197564.0
-197566.0
-197572.0
-197562.0
-197560.0
-197556.0
-197560.0
-197558.0
-197554.0
-197554.0
-197554.0
-197556.0
-197560.0
-197564.0
-197568.0
-197570.0
-197564.0
-197562.0
-197564.0
-197566.0
-197574.0
-197570.0
-197562.0
-197562.0
-197560.0
-197560.0
-197566.0
-197566.0
-197570.0
-197572.0
-197564.0
-197562.0
-197562.0
-197568.0
-197558.0
-197560.0
-197562.0
-197564.0
-197566.0
-197570.0
-197570.0
-197570.0
-197578.0
-197574.0
-197572.0
-197570.0
-197572.0
-197572.0
-197568.0
-197572.0
-197574.0
-197578.0
-197570.0
-197566.0
-197566.0
-197570.0
-197570.0
-197566.0
-197566.0
-197568.0
-197568.0
-197572.0
-197568.0
-197574.0
-197572.0
-197572.0
-197578.0
-197578.0
-197582.0
-197586.0
-197586.0
-197592.0
-197594.0
-197590.0
-197588.0
-197592.0
-197592.0
-197596.0
-197588.0
-197586.0
-197590.0
-197596.0
-197596.0
-197596.0
-197594.0
-197598.0
-197596.0
-197596.0
-197594.0
-197600.0
-197602.0
-197604.0
-197600.0
-197592.0
-197598.0
-197598.0
-197600.0
-197598.0
-197600.0
-197600.0
-197606.0
-197610.0
-197614.0
-197608.0
-197608.0
-197602.0
-197596.0
-197596.0
-197600.0
-197600.0
-197596.0
-197602.0
-197602.0
-197600.0
-197604.0
-197602.0
-197604.0
-197598.0
-197600.0
-197598.0
-197596.0
-197596.0
-197594.0
-197592.0
-197594.0
-197596.0
-197592.0
-197588.0
-197586.0
-197586.0
-197588.0
-197590.0
-197584.0
-197582.0
-197584.0
-197582.0
-197572.0
-197572.0
-197574.0
-197572.0
-197582.0
-197586.0
-197590.0
-197586.0
-197586.0
-197588.0
-197580.0
-197580.0
-197580.0
-197586.0
-197586.0
-197588.0
-197584.0
-197586.0
-197590.0
-197592.0
-197592.0
-197590.0
-197586.0
-197590.0
-197592.0
-197594.0
-197588.0
-197586.0
-197586.0
-197586.0
-197584.0
-197586.0
-197590.0
-197588.0
-197582.0
-197584.0
-197584.0
-197596.0
-197598.0
-197594.0
-197594.0
-197592.0
-197590.0
-197588.0
-197590.0
-197592.0
-197596.0
-197596.0
-197600.0
-197604.0
-197604.0
-197604.0
-197598.0
-197592.0
-197592.0
-197596.0
-197600.0
-197598.0
-197596.0
-197592.0
-197590.0
-197588.0
-197588.0
-197592.0
-197594.0
-197590.0
-197584.0
-197578.0
-197578.0
-197576.0
-197574.0
-197572.0
-197568.0
-197568.0
-197568.0
-197574.0
-197584.0
-197582.0
-197582.0
-197578.0
-197576.0
-197576.0
-197572.0
-197576.0
-197580.0
-197578.0
-197582.0
-197580.0
-197580.0
-197586.0
-197588.0
-197596.0
-197602.0
-197608.0
-197604.0
-197594.0
-197590.0
-197588.0
-197580.0
-197576.0
-197576.0
-197572.0
-197576.0
-197578.0
-197580.0
-197578.0
-197572.0
-197570.0
-197564.0
-197558.0
-197558.0
-197560.0
-197564.0
-197568.0
-197572.0
-197576.0
-197574.0
-197580.0
-197582.0
-197582.0
-197584.0
-197586.0
-197588.0
-197588.0
-197590.0
-197590.0
-197588.0
-197584.0
-197584.0
-197584.0
-197586.0
-197588.0
-197592.0
-197594.0
-197590.0
-197588.0
-197584.0
-197588.0
-197584.0
-197588.0
-197592.0
-197590.0
-197594.0
-197594.0
-197594.0
-197588.0
-197590.0
-197592.0
-197596.0
-197598.0
-197598.0
-197590.0
-197592.0
-197596.0
-197600.0
-197592.0
-197588.0
-197592.0
-197592.0
-197590.0
-197592.0
-197594.0
-197596.0
-197588.0
-197586.0
-197582.0
-197580.0
-197576.0
-197574.0
-197582.0
-197578.0
-197580.0
-197586.0
-197588.0
-197588.0
-197586.0
-197580.0
-197578.0
-197574.0
-197576.0
-197572.0
-197570.0
-197568.0
-197570.0
-197566.0
-197572.0
-197570.0
-197570.0
-197564.0
-197556.0
-197554.0
-197554.0
-197552.0
-197552.0
-197550.0
-197544.0
-197542.0
-197536.0
-197534.0
-197530.0
-197530.0
-197532.0
-197530.0
-197528.0
-197536.0
-197538.0
-197534.0
-197536.0
-197536.0
-197532.0
-197530.0
-197528.0
-197524.0
-197524.0
-197522.0
-197518.0
-197522.0
-197520.0
-197518.0
-197514.0
-197510.0
-197504.0
-197504.0
-197502.0
-197504.0
-197504.0
-197502.0
-197512.0
-197518.0
-197516.0
-197520.0
-197522.0
-197520.0
-197512.0
-197514.0
-197518.0
-197528.0
-197532.0
-197530.0
-197530.0
-197522.0
-197522.0
-197522.0
-197522.0
-197522.0
-197530.0
-197530.0
-197530.0
-197536.0
-197528.0
-197532.0
-197530.0
-197536.0
-197540.0
-197544.0
-197546.0
-197544.0
-197538.0
-197532.0
-197532.0
-197532.0
-197536.0
-197542.0
-197534.0
-197530.0
-197532.0
-197532.0
-197524.0
-197530.0
-197532.0
-197528.0
-197522.0
-197514.0
-197514.0
-197516.0
-197516.0
-197518.0
-197512.0
-197512.0
-197510.0
-197506.0
-197502.0
-197512.0
-197514.0
-197504.0
-197502.0
-197502.0
-197502.0
-197504.0
-197506.0
-197506.0
-197504.0
-197508.0
-197510.0
-197510.0
-197510.0
-197514.0
-197524.0
-197524.0
-197524.0
-197518.0
-197512.0
-197514.0
-197514.0
-197512.0
-197510.0
-197504.0
-197502.0
-197500.0
-197496.0
-197488.0
-197488.0
-197486.0
-197490.0
-197490.0
-197494.0
-197492.0
-197490.0
-197488.0
-197480.0
-197480.0
-197488.0
-197492.0
-197496.0
-197494.0
-197496.0
-197498.0
-197502.0
-197506.0
-197508.0
-197522.0
-197520.0
-197514.0
-197506.0
-197504.0
-197508.0
-197508.0
-197510.0
-197508.0
-197518.0
-197518.0
-197512.0
-197510.0
-197510.0
-197514.0
-197512.0
-197524.0
-197524.0
-197526.0
-197536.0
-197530.0
-197530.0
-197534.0
-197536.0
-197534.0
-197530.0
-197530.0
-197534.0
-197540.0
-197540.0
-197542.0
-197542.0
-197532.0
-197530.0
-197536.0
-197532.0
-197536.0
-197536.0
-197536.0
-197542.0
-197538.0
-197536.0
-197534.0
-197530.0
-197530.0
-197534.0
-197532.0
-197528.0
-197540.0
-197544.0
-197542.0
-197538.0
-197542.0
-197542.0
-197542.0
-197538.0
-197530.0
-197522.0
-197524.0
-197530.0
-197532.0
-197536.0
-197542.0
-197546.0
-197544.0
-197546.0
-197546.0
-197544.0
-197546.0
-197544.0
-197538.0
-197544.0
-197544.0
-197540.0
-197542.0
-197554.0
-197552.0
-197550.0
-197560.0
-197558.0
-197558.0
-197558.0
-197556.0
-197558.0
-197560.0
-197562.0
-197562.0
-197566.0
-197560.0
-197558.0
-197556.0
-197552.0
-197550.0
-197560.0
-197560.0
-197564.0
-197566.0
-197564.0
-197566.0
-197562.0
-197564.0
-197564.0
-197560.0
-197560.0
-197552.0
-197554.0
-197552.0
-197546.0
-197554.0
-197550.0
-197552.0
-197554.0
-197552.0
-197554.0
-197560.0
-197560.0
-197576.0
-197580.0
-197568.0
-197570.0
-197562.0
-197560.0
-197564.0
-197562.0
-197566.0
-197568.0
-197564.0
-197564.0
-197564.0
-197560.0
-197556.0
-197554.0
-197558.0
-197562.0
-197560.0
-197558.0
-197556.0
-197558.0
-197550.0
-197554.0
-197550.0
-197556.0
-197562.0
-197556.0
-197554.0
-197558.0
-197556.0
-197560.0
-197568.0
-197558.0
-197550.0
-197556.0
-197556.0
-197556.0
-197550.0
-197546.0
-197550.0
-197558.0
-197560.0
-197558.0
-197558.0
-197562.0
-197566.0
-197562.0
-197562.0
-197562.0
-197562.0
-197558.0
-197558.0
-197560.0
-197560.0
-197566.0
-197570.0
-197572.0
-197570.0
-197570.0
-197568.0
-197580.0
-197582.0
-197582.0
-197588.0
-197592.0
-197594.0
-197594.0
-197592.0
-197592.0
-197598.0
-197600.0
-197602.0
-197598.0
-197598.0
-197600.0
-197594.0
-197590.0
-197588.0
-197584.0
-197580.0
-197582.0
-197582.0
-197576.0
-197580.0
-197580.0
-197576.0
-197578.0
-197574.0
-197576.0
-197570.0
-197578.0
-197580.0
-197582.0
-197582.0
-197578.0
-197578.0
-197576.0
-197570.0
-197566.0
-197560.0
-197558.0
-197564.0
-197558.0
-197562.0
-197564.0
-197562.0
-197564.0
-197564.0
-197560.0
-197558.0
-197560.0
-197554.0
-197556.0
-197558.0
-197548.0
-197554.0
-197558.0
-197560.0
-197564.0
-197568.0
-197568.0
-197568.0
-197576.0
-197576.0
-197570.0
-197574.0
-197570.0
-197570.0
-197570.0
-197568.0
-197562.0
-197564.0
-197554.0
-197552.0
-197554.0
-197560.0
-197550.0
-197552.0
-197550.0
-197554.0
-197554.0
-197554.0
-197552.0
-197560.0
-197558.0
-197550.0
-197552.0
-197546.0
-197546.0
-197548.0
-197544.0
-197538.0
-197534.0
-197532.0
-197532.0
-197536.0
-197536.0
-197540.0
-197542.0
-197540.0
-197546.0
-197556.0
-197550.0
-197550.0
-197554.0
-197548.0
-197552.0
-197548.0
-197550.0
-197544.0
-197548.0
-197538.0
-197538.0
-197538.0
-197540.0
-197550.0
-197550.0
-197552.0
-197554.0
-197560.0
-197562.0
-197564.0
-197562.0
-197560.0
-197558.0
-197566.0
-197566.0
-197568.0
-197576.0
-197568.0
-197570.0
-197572.0
-197580.0
-197578.0
-197580.0
-197574.0
-197572.0
-197572.0
-197574.0
-197574.0
-197562.0
-197564.0
-197562.0
-197566.0
-197568.0
-197566.0
-197560.0
-197562.0
-197562.0
-197556.0
-197556.0
-197562.0
-197562.0
-197568.0
-197566.0
-197566.0
-197566.0
-197562.0
-197562.0
-197562.0
-197560.0
-197560.0
-197562.0
-197558.0
-197562.0
-197566.0
-197566.0
-197566.0
-197566.0
-197568.0
-197562.0
-197564.0
-197562.0
-197568.0
-197570.0
-197564.0
-197568.0
-197566.0
-197566.0
-197562.0
-197562.0
-197560.0
-197564.0
-197564.0
-197566.0
-197570.0
-197568.0
-197568.0
-197576.0
-197580.0
-197580.0
-197580.0
-197578.0
-197576.0
-197580.0
-197576.0
-197578.0
-197578.0
-197572.0
-197576.0
-197570.0
-197568.0
-197562.0
-197560.0
-197552.0
-197552.0
-197550.0
-197546.0
-197548.0
-197548.0
-197548.0
-197550.0
-197554.0
-197552.0
-197554.0
-197556.0
-197558.0
-197558.0
-197556.0
-197556.0
-197552.0
-197552.0
-197554.0
-197550.0
-197550.0
-197554.0
-197558.0
-197554.0
-197548.0
-197548.0
-197550.0
-197552.0
-197552.0
-197554.0
-197558.0
-197564.0
-197562.0
-197564.0
-197568.0
-197562.0
-197564.0
-197564.0
-197568.0
-197564.0
-197568.0
-197570.0
-197568.0
-197568.0
-197568.0
-197564.0
-197564.0
-197566.0
-197568.0
-197574.0
-197572.0
-197572.0
-197572.0
-197572.0
-197572.0
-197572.0
-197578.0
-197576.0
-197574.0
-197568.0
-197576.0
-197572.0
-197574.0
-197578.0
-197580.0
-197576.0
-197578.0
-197580.0
-197574.0
-197574.0
-197572.0
-197570.0
-197572.0
-197576.0
-197576.0
-197576.0
-197582.0
-197580.0
-197572.0
-197578.0
-197576.0
-197574.0
-197572.0
-197568.0
-197570.0
-197564.0
-197562.0
-197562.0
-197558.0
-197556.0
-197556.0
-197560.0
-197562.0
-197556.0
-197560.0
-197558.0
-197562.0
-197562.0
-197560.0
-197556.0
-197556.0
-197556.0
-197562.0
-197560.0
-197554.0
-197552.0
-197554.0
-197556.0
-197558.0
-197564.0
-197566.0
-197564.0
-197574.0
-197578.0
-197576.0
-197582.0
-197578.0
-197582.0
-197584.0
-197584.0
-197586.0
-197586.0
-197584.0
-197584.0
-197584.0
-197584.0
-197584.0
-197586.0
-197590.0
-197592.0
-197596.0
-197596.0
-197604.0
-197602.0
-197606.0
-197604.0
-197604.0
-197604.0
-197606.0
-197610.0
-197608.0
-197606.0
-197606.0
-197608.0
-197612.0
-197608.0
-197608.0
-197604.0
-197600.0
-197606.0
-197606.0
-197614.0
-197616.0
-197620.0
-197622.0
-197620.0
-197618.0
-197620.0
-197622.0
-197622.0
-197618.0
-197620.0
-197622.0
-197622.0
-197618.0
-197624.0
-197622.0
-197628.0
-197624.0
-197626.0
-197624.0
-197626.0
-197624.0
-197624.0
-197614.0
-197616.0
-197622.0
-197618.0
-197612.0
-197616.0
-197616.0
-197620.0
-197616.0
-197618.0
-197622.0
-197626.0
-197628.0
-197624.0
-197624.0
-197628.0
-197628.0
-197628.0
-197624.0
-197624.0
-197616.0
-197614.0
-197612.0
-197612.0
-197610.0
-197608.0
-197612.0
-197612.0
-197612.0
-197614.0
-197610.0
-197614.0
-197620.0
-197614.0
-197616.0
-197616.0
-197616.0
-197612.0
-197612.0
-197618.0
-197616.0
-197616.0
-197614.0
-197616.0
-197610.0
-197612.0
-197616.0
-197614.0
-197610.0
-197612.0
-197616.0
-197622.0
-197622.0
-197614.0
-197626.0
-197628.0
-197626.0
-197622.0
-197616.0
-197614.0
-197620.0
-197616.0
-197616.0
-197612.0
-197620.0
-197618.0
-197616.0
-197614.0
-197612.0
-197614.0
-197614.0
-197620.0
-197616.0
-197614.0
-197618.0
-197624.0
-197622.0
-197620.0
-197620.0
-197622.0
-197620.0
-197618.0
-197620.0
-197618.0
-197618.0
-197620.0
-197628.0
-197630.0
-197624.0
-197624.0
-197620.0
-197612.0
-197618.0
-197626.0
-197626.0
-197634.0
-197632.0
-197630.0
-197624.0
-197626.0
-197622.0
-197618.0
-197618.0
-197622.0
-197620.0
-197624.0
-197622.0
-197622.0
-197624.0
-197620.0
-197616.0
-197616.0
-197614.0
-197614.0
-197614.0
-197612.0
-197616.0
-197624.0
-197618.0
-197620.0
-197626.0
-197630.0
-197632.0
-197634.0
-197636.0
-197632.0
-197628.0
-197630.0
-197632.0
-197634.0
-197636.0
-197628.0
-197630.0
-197628.0
-197634.0
-197640.0
-197640.0
-197640.0
-197640.0
-197642.0
-197642.0
-197642.0
-197642.0
-197642.0
-197642.0
-197640.0
-197646.0
-197646.0
-197650.0
-197654.0
-197656.0
-197650.0
-197648.0
-197652.0
-197650.0
-197656.0
-197662.0
-197660.0
-197664.0
-197658.0
-197656.0
-197662.0
-197660.0
-197660.0
-197654.0
-197652.0
-197652.0
-197652.0
-197652.0
-197654.0
-197652.0
-197650.0
-197650.0
-197650.0
-197652.0
-197648.0
-197654.0
-197662.0
-197662.0
-197662.0
-197652.0
-197656.0
-197658.0
-197652.0
-197650.0
-197650.0
-197654.0
-197652.0
-197650.0
-197650.0
-197652.0
-197656.0
-197656.0
-197660.0
-197654.0
-197658.0
-197652.0
-197650.0
-197646.0
-197646.0
-197644.0
-197644.0
-197646.0
-197644.0
-197648.0
-197642.0
-197638.0
-197634.0
-197634.0
-197636.0
-197630.0
-197628.0
-197630.0
-197638.0
-197638.0
-197634.0
-197634.0
-197634.0
-197634.0
-197640.0
-197634.0
-197634.0
-197632.0
-197634.0
-197636.0
-197630.0
-197630.0
-197636.0
-197636.0
-197640.0
-197646.0
-197650.0
-197648.0
-197650.0
-197646.0
-197640.0
-197642.0
-197642.0
-197638.0
-197646.0
-197648.0
-197648.0
-197642.0
-197638.0
-197640.0
-197636.0
-197640.0
-197640.0
-197642.0
-197638.0
-197634.0
-197632.0
-197624.0
-197618.0
-197616.0
-197610.0
-197604.0
-197608.0
-197606.0
-197604.0
-197602.0
-197610.0
-197616.0
-197614.0
-197620.0
-197622.0
-197620.0
-197622.0
-197626.0
-197626.0
-197622.0
-197628.0
-197626.0
-197626.0
-197634.0
-197636.0
-197640.0
-197640.0
-197634.0
-197634.0
-197636.0
-197634.0
-197632.0
-197634.0
-197628.0
-197630.0
-197630.0
-197628.0
-197634.0
-197630.0
-197628.0
-197624.0
-197624.0
-197626.0
-197626.0
-197624.0
-197624.0
-197624.0
-197618.0
-197622.0
-197618.0
-197616.0
-197618.0
-197620.0
-197618.0
-197612.0
-197614.0
-197618.0
-197618.0
-197614.0
-197612.0
-197614.0
-197614.0
-197618.0
-197614.0
-197612.0
-197604.0
-197606.0
-197606.0
-197604.0
-197606.0
-197606.0
-197602.0
-197592.0
-197590.0
-197598.0
-197592.0
-197588.0
-197588.0
-197586.0
-197582.0
-197584.0
-197582.0
-197584.0
-197582.0
-197582.0
-197584.0
-197584.0
-197588.0
-197600.0
-197602.0
-197598.0
-197598.0
-197596.0
-197594.0
-197592.0
-197586.0
-197594.0
-197596.0
-197600.0
-197596.0
-197598.0
-197594.0
-197592.0
-197596.0
-197600.0
-197592.0
-197590.0
-197590.0
-197594.0
-197590.0
-197596.0
-197592.0
-197594.0
-197592.0
-197592.0
-197594.0
-197592.0
-197590.0
-197586.0
-197584.0
-197578.0
-197578.0
-197578.0
-197580.0
-197584.0
-197586.0
-197588.0
-197588.0
-197592.0
-197596.0
-197598.0
-197598.0
-197598.0
-197594.0
-197596.0
-197588.0
-197586.0
-197582.0
-197586.0
-197582.0
-197588.0
-197590.0
-197590.0
-197586.0
-197590.0
-197588.0
-197594.0
-197594.0
-197588.0
-197586.0
-197590.0
-197590.0
-197590.0
-197586.0
-197584.0
-197586.0
-197586.0
-197588.0
-197590.0
-197600.0
-197604.0
-197598.0
-197604.0
-197602.0
-197604.0
-197594.0
-197588.0
-197594.0
-197598.0
-197596.0
-197598.0
-197596.0
-197596.0
-197590.0
-197592.0
-197588.0
-197584.0
-197580.0
-197582.0
-197580.0
-197586.0
-197582.0
-197584.0
-197582.0
-197584.0
-197586.0
-197588.0
-197588.0
-197590.0
-197594.0
-197586.0
-197580.0
-197584.0
-197580.0
-197586.0
-197588.0
-197586.0
-197586.0
-197586.0
-197584.0
-197580.0
-197582.0
-197582.0
-197582.0
-197580.0
-197582.0
-197578.0
-197582.0
-197580.0
-197584.0
-197572.0
-197566.0
-197570.0
-197576.0
-197568.0
-197558.0
-197564.0
-197562.0
-197558.0
-197556.0
-197560.0
-197560.0
-197564.0
-197570.0
-197568.0
-197572.0
-197568.0
-197570.0
-197572.0
-197572.0
-197568.0
-197574.0
-197568.0
-197556.0
-197550.0
-197554.0
-197554.0
-197548.0
-197546.0
-197546.0
-197542.0
-197542.0
-197540.0
-197544.0
-197544.0
-197550.0
-197552.0
-197560.0
-197562.0
-197562.0
-197558.0
-197552.0
-197552.0
-197552.0
-197552.0
-197550.0
-197552.0
-197548.0
-197550.0
-197552.0
-197546.0
-197542.0
-197536.0
-197534.0
-197528.0
-197524.0
-197526.0
-197522.0
-197520.0
-197522.0
-197522.0
-197522.0
-197520.0
-197524.0
-197522.0
-197518.0
-197514.0
-197518.0
-197522.0
-197530.0
-197530.0
-197530.0
-197530.0
-197530.0
-197528.0
-197522.0
-197526.0
-197522.0
-197520.0
-197526.0
-197524.0
-197522.0
-197514.0
-197510.0
-197508.0
-197508.0
-197504.0
-197510.0
-197506.0
-197516.0
-197514.0
-197516.0
-197508.0
-197508.0
-197508.0
-197506.0
-197510.0
-197512.0
-197512.0
-197514.0
-197514.0
-197514.0
-197514.0
-197516.0
-197518.0
-197516.0
-197520.0
-197516.0
-197518.0
-197522.0
-197516.0
-197516.0
-197520.0
-197526.0
-197528.0
-197534.0
-197528.0
-197532.0
-197532.0
-197530.0
-197534.0
-197526.0
-197528.0
-197530.0
-197534.0
-197536.0
-197538.0
-197540.0
-197528.0
-197524.0
-197526.0
-197524.0
-197516.0
-197518.0
-197520.0
-197518.0
-197520.0
-197530.0
-197536.0
-197540.0
-197528.0
-197536.0
-197536.0
-197542.0
-197542.0
-197540.0
-197538.0
-197540.0
-197540.0
-197542.0
-197540.0
-197536.0
-197536.0
-197528.0
-197534.0
-197532.0
-197532.0
-197532.0
-197532.0
-197536.0
-197538.0
-197534.0
-197524.0
-197526.0
-197528.0
-197528.0
-197526.0
-197520.0
-197520.0
-197516.0
-197526.0
-197526.0
-197530.0
-197526.0
-197528.0
-197534.0
-197534.0
-197532.0
-197532.0
-197540.0
-197542.0
-197534.0
-197534.0
-197530.0
-197530.0
-197530.0
-197540.0
-197542.0
-197544.0
-197544.0
-197540.0
-197536.0
-197536.0
-197532.0
-197536.0
-197538.0
-197538.0
-197538.0
-197538.0
-197536.0
-197540.0
-197540.0
-197532.0
-197532.0
-197528.0
-197530.0
-197532.0
-197530.0
-197540.0
-197536.0
-197536.0
-197536.0
-197546.0
-197552.0
-197554.0
-197558.0
-197550.0
-197548.0
-197554.0
-197558.0
-197566.0
-197566.0
-197570.0
-197564.0
-197570.0
-197570.0
-197572.0
-197570.0
-197572.0
-197570.0
-197570.0
-197570.0
-197568.0
-197572.0
-197572.0
-197580.0
-197588.0
-197588.0
-197586.0
-197586.0
-197584.0
-197590.0
-197596.0
-197602.0
-197596.0
-197604.0
-197604.0
-197598.0
-197600.0
-197602.0
-197612.0
-197612.0
-197618.0
-197618.0
-197616.0
-197618.0
-197616.0
-197622.0
-197620.0
-197622.0
-197622.0
-197626.0
-197628.0
-197624.0
-197620.0
-197624.0
-197624.0
-197622.0
-197620.0
-197616.0
-197620.0
-197620.0
-197620.0
-197624.0
-197618.0
-197610.0
-197606.0
-197606.0
-197602.0
-197604.0
-197600.0
-197594.0
-197598.0
-197596.0
-197596.0
-197592.0
-197588.0
-197594.0
-197592.0
-197592.0
-197596.0
-197596.0
-197592.0
-197592.0
-197590.0
-197588.0
-197584.0
-197588.0
-197586.0
-197582.0
-197582.0
-197584.0
-197580.0
-197582.0
-197586.0
-197594.0
-197594.0
-197594.0
-197602.0
-197610.0
-197606.0
-197602.0
-197600.0
-197602.0
-197598.0
-197594.0
-197594.0
-197592.0
-197602.0
-197604.0
-197598.0
-197594.0
-197594.0
-197592.0
-197594.0
-197594.0
-197598.0
-197604.0
-197608.0
-197608.0
-197614.0
-197614.0
-197616.0
-197614.0
-197618.0
-197612.0
-197608.0
-197610.0
-197614.0
-197616.0
-197604.0
-197604.0
-197604.0
-197602.0
-197602.0
-197596.0
-197598.0
-197594.0
-197596.0
-197594.0
-197602.0
-197594.0
-197588.0
-197586.0
-197592.0
-197598.0
-197592.0
-197590.0
-197594.0
-197600.0
-197600.0
-197604.0
-197604.0
-197600.0
-197606.0
-197604.0
-197600.0
-197598.0
-197598.0
-197600.0
-197604.0
-197598.0
-197592.0
-197588.0
-197586.0
-197582.0
-197580.0
-197584.0
-197588.0
-197584.0
-197586.0
-197592.0
-197590.0
-197588.0
-197584.0
-197590.0
-197586.0
-197592.0
-197586.0
-197584.0
-197578.0
-197578.0
-197578.0
-197570.0
-197568.0
-197570.0
-197562.0
-197564.0
-197562.0
-197572.0
-197578.0
-197582.0
-197584.0
-197592.0
-197598.0
-197598.0
-197602.0
-197602.0
-197596.0
-197598.0
-197598.0
-197602.0
-197596.0
-197594.0
-197598.0
-197604.0
-197608.0
-197612.0
-197620.0
-197616.0
-197610.0
-197618.0
-197624.0
-197624.0
-197624.0
-197624.0
-197630.0
-197632.0
-197636.0
-197636.0
-197636.0
-197640.0
-197638.0
-197636.0
-197638.0
-197636.0
-197632.0
-197632.0
-197636.0
-197638.0
-197642.0
-197644.0
-197652.0
-197652.0
-197656.0
-197650.0
-197656.0
-197658.0
-197656.0
-197658.0
-197664.0
-197668.0
-197666.0
-197668.0
-197672.0
-197668.0
-197664.0
-197662.0
-197668.0
-197670.0
-197670.0
-197672.0
-197674.0
-197680.0
-197676.0
-197676.0
-197684.0
-197682.0
-197680.0
-197686.0
-197686.0
-197688.0
-197686.0
-197686.0
-197684.0
-197680.0
-197680.0
-197678.0
-197676.0
-197672.0
-197670.0
-197670.0
-197676.0
-197676.0
-197678.0
-197678.0
-197684.0
-197684.0
-197682.0
-197690.0
-197694.0
-197694.0
-197692.0
-197690.0
-197698.0
-197692.0
-197692.0
-197690.0
-197690.0
-197694.0
-197692.0
-197692.0
-197690.0
-197686.0
-197684.0
-197682.0
-197682.0
-197682.0
-197680.0
-197682.0
-197676.0
-197674.0
-197672.0
-197676.0
-197674.0
-197674.0
-197674.0
-197674.0
-197670.0
-197672.0
-197674.0
-197676.0
-197682.0
-197684.0
-197686.0
-197688.0
-197692.0
-197690.0
-197690.0
-197686.0
-197684.0
-197682.0
-197678.0
-197676.0
-197680.0
-197684.0
-197688.0
-197688.0
-197686.0
-197688.0
-197686.0
-197692.0
-197692.0
-197690.0
-197690.0
-197690.0
-197686.0
-197686.0
-197686.0
-197686.0
-197696.0
-197696.0
-197696.0
-197696.0
-197698.0
-197698.0
-197692.0
-197694.0
-197702.0
-197692.0
-197692.0
-197692.0
-197694.0
-197690.0
-197684.0
-197684.0
-197684.0
-197688.0
-197684.0
-197682.0
-197686.0
-197682.0
-197686.0
-197692.0
-197692.0
-197698.0
-197702.0
-197696.0
-197690.0
-197690.0
-197684.0
-197678.0
-197682.0
-197688.0
-197690.0
-197686.0
-197684.0
-197686.0
-197682.0
-197672.0
-197672.0
-197676.0
-197672.0
-197668.0
-197666.0
-197670.0
-197666.0
-197670.0
-197670.0
-197674.0
-197680.0
-197678.0
-197676.0
-197676.0
-197678.0
-197674.0
-197674.0
-197676.0
-197674.0
-197674.0
-197672.0
-197672.0
-197672.0
-197674.0
-197682.0
-197670.0
-197668.0
-197666.0
-197672.0
-197668.0
-197668.0
-197672.0
-197670.0
-197672.0
-197668.0
-197672.0
-197672.0
-197674.0
-197676.0
-197676.0
-197674.0
-197674.0
-197672.0
-197676.0
-197676.0
-197676.0
-197676.0
-197674.0
-197672.0
-197670.0
-197678.0
-197678.0
-197668.0
-197666.0
-197664.0
-197668.0
-197666.0
-197664.0
-197668.0
-197668.0
-197672.0
-197678.0
-197680.0
-197682.0
-197678.0
-197674.0
-197676.0
-197676.0
-197678.0
-197680.0
-197680.0
-197684.0
-197686.0
-197690.0
-197694.0
-197700.0
-197708.0
-197712.0
-197722.0
-197724.0
-197726.0
-197728.0
-197726.0
-197732.0
-197740.0
-197740.0
-197740.0
-197748.0
-197756.0
-197752.0
-197754.0
-197754.0
-197756.0
-197754.0
-197752.0
-197750.0
-197752.0
-197746.0
-197736.0
-197736.0
-197736.0
-197740.0
-197744.0
-197744.0
-197746.0
-197750.0
-197742.0
-197744.0
-197746.0
-197742.0
-197748.0
-197746.0
-197750.0
-197748.0
-197746.0
-197746.0
-197752.0
-197756.0
-197756.0
-197750.0
-197756.0
-197758.0
-197756.0
-197764.0
-197758.0
-197760.0
-197762.0
-197762.0
-197756.0
-197756.0
-197756.0
-197764.0
-197760.0
-197758.0
-197758.0
-197758.0
-197752.0
-197750.0
-197746.0
-197754.0
-197760.0
-197754.0
-197748.0
-197752.0
-197750.0
-197752.0
-197752.0
-197752.0
-197746.0
-197748.0
-197754.0
-197758.0
-197760.0
-197766.0
-197760.0
-197758.0
-197754.0
-197750.0
-197760.0
-197772.0
-197774.0
-197776.0
-197776.0
-197780.0
-197780.0
-197786.0
-197780.0
-197784.0
-197784.0
-197780.0
-197784.0
-197788.0
-197790.0
-197796.0
-197796.0
-197794.0
-197796.0
-197798.0
-197796.0
-197790.0
-197788.0
-197790.0
-197794.0
-197786.0
-197784.0
-197788.0
-197788.0
-197784.0
-197786.0
-197792.0
-197794.0
-197794.0
-197800.0
-197808.0
-197806.0
-197810.0
-197808.0
-197808.0
-197810.0
-197806.0
-197804.0
-197796.0
-197802.0
-197804.0
-197800.0
-197802.0
-197800.0
-197798.0
-197804.0
-197804.0
-197810.0
-197808.0
-197812.0
-197810.0
-197812.0
-197812.0
-197820.0
-197818.0
-197816.0
-197820.0
-197818.0
-197814.0
-197808.0
-197812.0
-197814.0
-197818.0
-197816.0
-197820.0
-197818.0
-197818.0
-197820.0
-197818.0
-197816.0
-197822.0
-197818.0
-197816.0
-197820.0
-197820.0
-197820.0
-197824.0
-197818.0
-197816.0
-197808.0
-197808.0
-197804.0
-197800.0
-197796.0
-197796.0
-197796.0
-197790.0
-197788.0
-197794.0
-197798.0
-197800.0
-197804.0
-197810.0
-197808.0
-197818.0
-197812.0
-197814.0
-197818.0
-197818.0
-197816.0
-197820.0
-197820.0
-197826.0
-197816.0
-197812.0
-197812.0
-197812.0
-197812.0
-197812.0
-197804.0
-197800.0
-197792.0
-197794.0
-197792.0
-197798.0
-197796.0
-197796.0
-197792.0
-197794.0
-197796.0
-197792.0
